281.28901
282.39273
283.49510
284.59599
285.69526
286.79278
287.88842
288.98204
290.07352
291.16274
292.24959
293.33395
294.41572
295.49480
296.57111
297.64456
298.71509
299.78263
300.84713
301.90855
302.96687
304.02205
305.07407
306.12291
307.16854
308.21095
309.25010
310.28597
311.31855
312.34782
313.37376
314.39635
315.41560
316.43147
317.44398
318.45312
319.45889
320.46129
321.46032
322.45600
323.44835
324.43737
325.42311
326.40560
327.38486
328.36097
329.33396
330.30391
331.27088
332.23495
333.19621
334.15472
335.11057
336.06383
337.01459
337.96291
338.90886
339.85253
340.79397
341.73326
342.67047
343.60567
344.53892
345.47029
346.39986
347.32767
348.25381
349.17833
350.10130
351.02278
351.94286
352.86159
353.77907
354.69537
355.61059
356.52481
357.43814
358.35067
359.26251
0.00000
1.08451
1.99489
2.90497
3.81486
4.72465
5.63444
6.54429
7.45431
8.36457
9.27516
10.18614
11.09760
12.00960
12.92222
13.83551
14.74953
15.66435
16.58002
17.49660
18.41414
19.33271
20.25238
21.17320
22.09526
23.01862
23.94337
24.86957
25.79730
26.72665
27.65767
28.59046
29.52507
30.46156
31.40001
32.34046
33.28297
34.22759
35.17436
36.12332
37.07451
38.02795
38.98368
39.94171
40.90205
41.86470
42.82967
43.79695
44.76655
45.73845
46.71264
47.68914
48.66794
49.64905
50.63245
51.61817
52.60620
53.59653
54.58918
55.58413
56.58137
57.58089
58.58268
59.58671
60.59296
61.60139
62.61197
63.62465
64.63940
65.65616
66.67486
67.69545
68.71785
69.74197
70.76773
71.79504
72.82379
73.85389
74.88524
75.91774
76.95130
77.98583
79.02125
80.05747
81.09441
82.13198
83.17012
84.20873
85.24773
86.28704
87.32658
88.36626
89.40601
90.44572
91.48532
92.52472
93.56382
94.60254
95.64077
96.67843
97.71541
98.75161
99.78692
100.82123
101.85442
102.88638
103.91700
104.94617
105.97381
106.99983
108.02413
109.04666
110.06735
111.08613
112.10294
113.11775
114.13049
115.14113
116.14962
117.15594
118.16005
119.16192
120.16152
121.15883
122.15383
123.14650
124.13681
125.12475
126.11029
127.09342
128.07412
129.05234
130.02808
131.00129
131.97197
132.94007
133.90561
134.86856
135.82893
136.78673
137.74198
138.69471
139.64493
140.59270
141.53803
142.48098
143.42158
144.35989
145.29597
146.22986
147.16162
148.09132
149.01901
149.94476
150.86862
151.79067
152.71095
153.62954
154.54647
155.46181
156.37559
157.28788
158.19870
159.10811
160.01616
160.92289
161.82837
162.73266
163.63582
164.53793
165.43906
166.33929
167.23871
168.13740
169.03544
169.93292
170.82994
171.72660
172.62297
173.51917
174.41529
175.31143
176.20768
177.10415
178.00092
178.89808
179.79572
180.69392
181.59276
182.49231
183.39264
184.29382
185.19590
186.09897
187.00309
187.90833
188.81477
189.72247
190.63154
191.54203
192.45404
193.36766
194.28296
195.20003
196.11896
197.03985
197.96277
198.88783
199.81512
200.74472
201.67673
202.61124
203.54833
204.48808
205.43057
206.37586
207.32401
208.27508
209.22913
210.18618
211.14629
212.10949
213.07581
214.04530
215.01797
215.99387
216.97302
217.95546
218.94122
219.93032
220.92279
221.91866
222.91795
223.92068
224.92689
225.93658
226.94979
227.96652
228.98681
230.01067
231.03809
232.06910
233.10367
234.14180
235.18345
236.22859
237.27718
238.32916
239.38447
240.44305
241.50483
242.56971
243.63764
244.70851
245.78223
246.85873
247.93790
249.01963
250.10385
251.19043
252.27928
253.37030
254.46336
255.55838
256.65524
257.75383
258.85406
259.95582
261.05901
262.16352
263.26923
264.37602
265.48377
266.59233
267.70157
268.81133
269.92146
271.03181
272.14222
273.25253
274.36259
275.47224
276.58131
277.68967
278.79714
279.90359
281.00887
