t y dy z dz 
    0.0000     0.0000     0.0000     3.0000    -0.0000
    0.0002     0.0000     0.0020     3.0000    -0.0000
    0.0004     0.0000     0.0040     3.0000    -0.0001
    0.0006     0.0000     0.0060     3.0000    -0.0001
    0.0008     0.0000     0.0080     3.0000    -0.0001
    0.0017     0.0000     0.0180     3.0000    -0.0003
    0.0026     0.0000     0.0280     3.0000    -0.0004
    0.0036     0.0001     0.0380     3.0000    -0.0005
    0.0045     0.0001     0.0480     3.0000    -0.0007
    0.0093     0.0005     0.0980     3.0000    -0.0014
    0.0140     0.0010     0.1480     3.0000    -0.0021
    0.0187     0.0019     0.1980     3.0000    -0.0028
    0.0234     0.0029     0.2480     3.0000    -0.0035
    0.0316     0.0053     0.3341     2.9999    -0.0047
    0.0397     0.0084     0.4203     2.9999    -0.0059
    0.0479     0.0121     0.5064     2.9998    -0.0071
    0.0560     0.0166     0.5925     2.9998    -0.0083
    0.0642     0.0218     0.6786     2.9997    -0.0095
    0.0724     0.0277     0.7647     2.9996    -0.0108
    0.0805     0.0343     0.8508     2.9995    -0.0120
    0.0887     0.0416     0.9368     2.9994    -0.0132
    0.0969     0.0496     1.0232     2.9993    -0.0144
    0.1051     0.0583     1.1095     2.9992    -0.0156
    0.1133     0.0678     1.1958     2.9990    -0.0168
    0.1215     0.0779     1.2820     2.9989    -0.0180
    0.1302     0.0895     1.3734     2.9987    -0.0193
    0.1389     0.1018     1.4647     2.9986    -0.0206
    0.1476     0.1150     1.5559     2.9984    -0.0219
    0.1563     0.1289     1.6470     2.9982    -0.0232
    0.1655     0.1446     1.7441     2.9980    -0.0245
    0.1748     0.1613     1.8411     2.9977    -0.0259
    0.1841     0.1788     1.9379     2.9975    -0.0272
    0.1934     0.1973     2.0346     2.9972    -0.0286
    0.2033     0.2180     2.1378     2.9969    -0.0301
    0.2132     0.2397     2.2407     2.9966    -0.0315
    0.2231     0.2624     2.3435     2.9963    -0.0329
    0.2331     0.2862     2.4460     2.9960    -0.0344
    0.2438     0.3129     2.5565     2.9956    -0.0359
    0.2545     0.3409     2.6668     2.9952    -0.0375
    0.2652     0.3701     2.7768     2.9948    -0.0390
    0.2759     0.4004     2.8865     2.9944    -0.0406
    0.2867     0.4321     2.9963     2.9939    -0.0421
    0.2974     0.4649     3.1058     2.9935    -0.0437
    0.3082     0.4989     3.2150     2.9930    -0.0452
    0.3189     0.5340     3.3238     2.9925    -0.0467
    0.3300     0.5715     3.4357     2.9920    -0.0483
    0.3411     0.6102     3.5472     2.9914    -0.0499
    0.3522     0.6502     3.6583     2.9909    -0.0514
    0.3633     0.6914     3.7689     2.9903    -0.0530
    0.3754     0.7378     3.8893     2.9896    -0.0547
    0.3875     0.7856     4.0090     2.9890    -0.0564
    0.3996     0.8349     4.1282     2.9883    -0.0580
    0.4118     0.8857     4.2467     2.9875    -0.0597
    0.4233     0.9353     4.3592     2.9868    -0.0613
    0.4349     0.9863     4.4710     2.9861    -0.0629
    0.4464     1.0386     4.5823     2.9854    -0.0644
    0.4579     1.0921     4.6929     2.9846    -0.0660
    0.4683     1.1410     4.7911     2.9840    -0.0674
    0.4786     1.1909     4.8887     2.9833    -0.0687
    0.4889     1.2418     4.9858     2.9825    -0.0701
    0.4992     1.2936     5.0824     2.9818    -0.0715
    0.5087     1.3426     5.1713     2.9811    -0.0727
    0.5183     1.3924     5.2597     2.9804    -0.0740
    0.5278     1.4430     5.3475     2.9797    -0.0752
    0.5373     1.4944     5.4348     2.9790    -0.0764
    0.5463     1.5435     5.5163     2.9783    -0.0776
    0.5553     1.5933     5.5973     2.9776    -0.0787
    0.5642     1.6438     5.6777     2.9769    -0.0798
    0.5732     1.6950     5.7576     2.9762    -0.0810
    0.5817     1.7442     5.8328     2.9755    -0.0820
    0.5901     1.7939     5.9075     2.9748    -0.0831
    0.5986     1.8444     5.9816     2.9741    -0.0841
    0.6071     1.8954     6.0553     2.9734    -0.0851
    0.6152     1.9449     6.1254     2.9727    -0.0861
    0.6234     1.9949     6.1949     2.9720    -0.0871
    0.6315     2.0455     6.2640     2.9712    -0.0881
    0.6396     2.0966     6.3326     2.9705    -0.0890
    0.6474     2.1465     6.3983     2.9698    -0.0900
    0.6553     2.1969     6.4635     2.9691    -0.0909
    0.6631     2.2478     6.5281     2.9684    -0.0918
    0.6709     2.2992     6.5923     2.9677    -0.0927
    0.6785     2.3496     6.6541     2.9670    -0.0936
    0.6861     2.4004     6.7153     2.9663    -0.0944
    0.6937     2.4516     6.7760     2.9655    -0.0953
    0.7013     2.5033     6.8363     2.9648    -0.0961
    0.7087     2.5541     6.8944     2.9641    -0.0969
    0.7161     2.6053     6.9520     2.9634    -0.0977
    0.7235     2.6569     7.0091     2.9626    -0.0986
    0.7309     2.7090     7.0657     2.9619    -0.0993
    0.7381     2.7602     7.1204     2.9612    -0.1001
    0.7454     2.8118     7.1746     2.9605    -0.1009
    0.7526     2.8638     7.2284     2.9597    -0.1016
    0.7598     2.9161     7.2815     2.9590    -0.1024
    0.7669     2.9677     7.3330     2.9583    -0.1031
    0.7739     3.0197     7.3840     2.9575    -0.1038
    0.7810     3.0721     7.4345     2.9568    -0.1045
    0.7880     3.1247     7.4845     2.9561    -0.1052
    0.7950     3.1767     7.5329     2.9553    -0.1059
    0.8019     3.2291     7.5808     2.9546    -0.1066
    0.8088     3.2817     7.6282     2.9539    -0.1073
    0.8157     3.3347     7.6750     2.9531    -0.1079
    0.8225     3.3869     7.7204     2.9524    -0.1086
    0.8293     3.4394     7.7652     2.9516    -0.1092
    0.8361     3.4922     7.8094     2.9509    -0.1098
    0.8429     3.5452     7.8531     2.9502    -0.1104
    0.8495     3.5975     7.8954     2.9494    -0.1110
    0.8561     3.6500     7.9371     2.9487    -0.1116
    0.8628     3.7028     7.9783     2.9479    -0.1122
    0.8694     3.7559     8.0189     2.9472    -0.1127
    0.8759     3.8082     8.0582     2.9465    -0.1133
    0.8824     3.8607     8.0970     2.9457    -0.1138
    0.8889     3.9135     8.1352     2.9450    -0.1144
    0.8954     3.9666     8.1729     2.9442    -0.1149
    0.9018     4.0189     8.2093     2.9435    -0.1154
    0.9082     4.0715     8.2452     2.9428    -0.1159
    0.9146     4.1242     8.2806     2.9420    -0.1164
    0.9210     4.1772     8.3154     2.9413    -0.1169
    0.9273     4.2296     8.3491     2.9405    -0.1174
    0.9335     4.2821     8.3822     2.9398    -0.1179
    0.9398     4.3348     8.4148     2.9391    -0.1183
    0.9461     4.3878     8.4468     2.9383    -0.1188
    0.9523     4.4401     8.4778     2.9376    -0.1192
    0.9585     4.4926     8.5082     2.9368    -0.1196
    0.9646     4.5453     8.5381     2.9361    -0.1200
    0.9708     4.5982     8.5675     2.9353    -0.1205
    0.9769     4.6505     8.5958     2.9346    -0.1209
    0.9830     4.7030     8.6237     2.9339    -0.1213
    0.9891     4.7557     8.6509     2.9331    -0.1216
    0.9952     4.8085     8.6777     2.9324    -0.1220
    1.0012     4.8608     8.7035     2.9317    -0.1224
    1.0072     4.9133     8.7287     2.9309    -0.1227
    1.0133     4.9659     8.7535     2.9302    -0.1231
    1.0193     5.0186     8.7776     2.9294    -0.1234
    1.0252     5.0709     8.8010     2.9287    -0.1237
    1.0312     5.1234     8.8237     2.9280    -0.1241
    1.0371     5.1759     8.8459     2.9272    -0.1244
    1.0431     5.2287     8.8676     2.9265    -0.1247
    1.0490     5.2810     8.8885     2.9257    -0.1250
    1.0549     5.3334     8.9088     2.9250    -0.1253
    1.0608     5.3860     8.9286     2.9243    -0.1255
    1.0667     5.4386     8.9478     2.9235    -0.1258
    1.0725     5.4910     8.9663     2.9228    -0.1261
    1.0783     5.5434     8.9843     2.9221    -0.1263
    1.0842     5.5960     9.0016     2.9213    -0.1266
    1.0900     5.6486     9.0185     2.9206    -0.1268
    1.0958     5.7010     9.0346     2.9198    -0.1270
    1.1016     5.7535     9.0502     2.9191    -0.1272
    1.1074     5.8061     9.0652     2.9184    -0.1275
    1.1133     5.8588     9.0797     2.9176    -0.1277
    1.1190     5.9112     9.0935     2.9169    -0.1279
    1.1248     5.9638     9.1067     2.9161    -0.1280
    1.1306     6.0164     9.1194     2.9154    -0.1282
    1.1364     6.0691     9.1316     2.9147    -0.1284
    1.1421     6.1217     9.1431     2.9139    -0.1286
    1.1479     6.1744     9.1540     2.9132    -0.1287
    1.1536     6.2271     9.1644     2.9124    -0.1289
    1.1594     6.2799     9.1743     2.9117    -0.1290
    1.1651     6.3327     9.1835     2.9110    -0.1291
    1.1709     6.3855     9.1922     2.9102    -0.1292
    1.1766     6.4384     9.2003     2.9095    -0.1294
    1.1824     6.4913     9.2079     2.9087    -0.1295
    1.1881     6.5443     9.2148     2.9080    -0.1296
    1.1939     6.5973     9.2212     2.9072    -0.1297
    1.1996     6.6504     9.2271     2.9065    -0.1297
    1.2054     6.7035     9.2324     2.9057    -0.1298
    1.2112     6.7568     9.2371     2.9050    -0.1299
    1.2169     6.8101     9.2412     2.9042    -0.1299
    1.2227     6.8635     9.2448     2.9035    -0.1300
    1.2285     6.9169     9.2478     2.9027    -0.1300
    1.2343     6.9706     9.2502     2.9020    -0.1301
    1.2401     7.0243     9.2521     2.9012    -0.1301
    1.2459     7.0780     9.2534     2.9005    -0.1301
    1.2517     7.1317     9.2541     2.8997    -0.1301
    1.2576     7.1859     9.2543     2.8990    -0.1301
    1.2634     7.2401     9.2538     2.8982    -0.1301
    1.2693     7.2944     9.2528     2.8974    -0.1301
    1.2751     7.3486     9.2512     2.8967    -0.1301
    1.2811     7.4034     9.2490     2.8959    -0.1300
    1.2870     7.4583     9.2462     2.8951    -0.1300
    1.2929     7.5132     9.2428     2.8944    -0.1300
    1.2989     7.5680     9.2388     2.8936    -0.1299
    1.3049     7.6238     9.2342     2.8928    -0.1298
    1.3110     7.6795     9.2289     2.8920    -0.1298
    1.3170     7.7353     9.2231     2.8912    -0.1297
    1.3230     7.7910     9.2166     2.8905    -0.1296
    1.3292     7.8479     9.2095     2.8897    -0.1295
    1.3354     7.9049     9.2016     2.8889    -0.1294
    1.3416     7.9617     9.1932     2.8881    -0.1293
    1.3478     8.0186     9.1842     2.8873    -0.1291
    1.3542     8.0772     9.1742     2.8864    -0.1290
    1.3605     8.1357     9.1637     2.8856    -0.1288
    1.3669     8.1942     9.1524     2.8848    -0.1287
    1.3733     8.2527     9.1406     2.8840    -0.1285
    1.3800     8.3137     9.1275     2.8831    -0.1283
    1.3867     8.3746     9.1138     2.8822    -0.1281
    1.3934     8.4355     9.0994     2.8814    -0.1279
    1.4000     8.4962     9.0844     2.8805    -0.1277
    1.4072     8.5612     9.0676     2.8796    -0.1275
    1.4143     8.6260     9.0500     2.8787    -0.1272
    1.4215     8.6907     9.0318     2.8778    -0.1270
    1.4287     8.7552     9.0128     2.8769    -0.1267
    1.4368     8.8281     8.9904     2.8759    -0.1264
    1.4449     8.9009     8.9672     2.8749    -0.1261
    1.4530     8.9734     8.9431     2.8738    -0.1257
    1.4611     9.0457     8.9181     2.8728    -0.1254
    1.4702     9.1276     8.8888     2.8717    -0.1250
    1.4794     9.2091     8.8584     2.8705    -0.1246
    1.4886     9.2903     8.8270     2.8694    -0.1241
    1.4978     9.3713     8.7946     2.8682    -0.1237
    1.5057     9.4404     8.7661     2.8673    -0.1233
    1.5136     9.5093     8.7369     2.8663    -0.1228
    1.5214     9.5780     8.7070     2.8653    -0.1224
    1.5293     9.6464     8.6764     2.8644    -0.1220
    1.5362     9.7059     8.6492     2.8635    -0.1216
    1.5430     9.7652     8.6215     2.8627    -0.1212
    1.5499     9.8243     8.5933     2.8619    -0.1208
    1.5568     9.8832     8.5647     2.8610    -0.1204
    1.5632     9.9381     8.5376     2.8603    -0.1200
    1.5696     9.9929     8.5100     2.8595    -0.1197
    1.5760    10.0474     8.4821     2.8587    -0.1193
    1.5825    10.1018     8.4538     2.8580    -0.1189
    1.5886    10.1537     8.4264     2.8572    -0.1185
    1.5948    10.2055     8.3986     2.8565    -0.1181
    1.6009    10.2572     8.3706     2.8558    -0.1177
    1.6071    10.3086     8.3422     2.8551    -0.1173
    1.6131    10.3584     8.3144     2.8544    -0.1169
    1.6190    10.4080     8.2863     2.8537    -0.1165
    1.6250    10.4574     8.2580     2.8530    -0.1161
    1.6310    10.5067     8.2294     2.8523    -0.1157
    1.6368    10.5547     8.2012     2.8516    -0.1153
    1.6427    10.6026     8.1728     2.8509    -0.1149
    1.6485    10.6503     8.1442     2.8503    -0.1145
    1.6544    10.6978     8.1153     2.8496    -0.1141
    1.6601    10.7444     8.0867     2.8489    -0.1137
    1.6659    10.7908     8.0580     2.8483    -0.1133
    1.6716    10.8371     8.0290     2.8476    -0.1129
    1.6774    10.8832     7.9999     2.8470    -0.1125
    1.6831    10.9285     7.9709     2.8463    -0.1121
    1.6887    10.9737     7.9418     2.8457    -0.1117
    1.6944    11.0188     7.9125     2.8451    -0.1113
    1.7001    11.0636     7.8831     2.8444    -0.1108
    1.7057    11.1080     7.8538     2.8438    -0.1104
    1.7114    11.1521     7.8244     2.8432    -0.1100
    1.7170    11.1961     7.7948     2.8426    -0.1096
    1.7226    11.2399     7.7651     2.8420    -0.1092
    1.7282    11.2833     7.7355     2.8414    -0.1088
    1.7338    11.3266     7.7058     2.8407    -0.1083
    1.7394    11.3696     7.6759     2.8401    -0.1079
    1.7450    11.4126     7.6460     2.8395    -0.1075
    1.7506    11.4551     7.6160     2.8389    -0.1071
    1.7562    11.4976     7.5860     2.8383    -0.1067
    1.7618    11.5398     7.5559     2.8377    -0.1062
    1.7674    11.5819     7.5257     2.8372    -0.1058
    1.7729    11.6238     7.4955     2.8366    -0.1054
    1.7785    11.6655     7.4652     2.8360    -0.1050
    1.7841    11.7071     7.4348     2.8354    -0.1045
    1.7897    11.7485     7.4044     2.8348    -0.1041
    1.7953    11.7897     7.3739     2.8342    -0.1037
    1.8008    11.8308     7.3433     2.8337    -0.1032
    1.8064    11.8717     7.3127     2.8331    -0.1028
    1.8120    11.9125     7.2821     2.8325    -0.1024
    1.8176    11.9531     7.2513     2.8319    -0.1020
    1.8232    11.9937     7.2205     2.8314    -0.1015
    1.8288    12.0340     7.1897     2.8308    -0.1011
    1.8344    12.0742     7.1589     2.8302    -0.1007
    1.8400    12.1144     7.1278     2.8297    -0.1002
    1.8457    12.1544     7.0968     2.8291    -0.0998
    1.8513    12.1943     7.0658     2.8285    -0.0993
    1.8569    12.2339     7.0348     2.8280    -0.0989
    1.8626    12.2737     7.0035     2.8274    -0.0985
    1.8682    12.3133     6.9723     2.8269    -0.0980
    1.8739    12.3527     6.9410     2.8263    -0.0976
    1.8796    12.3919     6.9098     2.8258    -0.0972
    1.8853    12.4313     6.8783     2.8252    -0.0967
    1.8910    12.4705     6.8469     2.8247    -0.0963
    1.8967    12.5095     6.8155     2.8241    -0.0958
    1.9024    12.5484     6.7841     2.8236    -0.0954
    1.9082    12.5874     6.7524     2.8230    -0.0949
    1.9140    12.6263     6.7207     2.8225    -0.0945
    1.9197    12.6650     6.6891     2.8219    -0.0941
    1.9255    12.7035     6.6575     2.8214    -0.0936
    1.9313    12.7423     6.6256     2.8208    -0.0932
    1.9372    12.7809     6.5937     2.8203    -0.0927
    1.9430    12.8193     6.5619     2.8198    -0.0923
    1.9489    12.8575     6.5302     2.8192    -0.0918
    1.9548    12.8961     6.4980     2.8187    -0.0914
    1.9607    12.9345     6.4659     2.8181    -0.0909
    1.9666    12.9727     6.4339     2.8176    -0.0905
    1.9726    13.0107     6.4020     2.8171    -0.0900
    1.9786    13.0491     6.3696     2.8165    -0.0896
    1.9846    13.0873     6.3373     2.8160    -0.0891
    1.9906    13.1254     6.3051     2.8155    -0.0887
    1.9966    13.1632     6.2730     2.8149    -0.0882
    2.0027    13.2015     6.2403     2.8144    -0.0877
    2.0089    13.2397     6.2078     2.8138    -0.0873
    2.0150    13.2776     6.1753     2.8133    -0.0868
    2.0211    13.3153     6.1430     2.8128    -0.0864
    2.0274    13.3536     6.1101     2.8122    -0.0859
    2.0336    13.3917     6.0773     2.8117    -0.0854
    2.0399    13.4296     6.0446     2.8112    -0.0850
    2.0461    13.4673     6.0120     2.8106    -0.0845
    2.0525    13.5057     5.9788     2.8101    -0.0841
    2.0589    13.5438     5.9456     2.8096    -0.0836
    2.0653    13.5818     5.9127     2.8090    -0.0831
    2.0717    13.6195     5.8798     2.8085    -0.0827
    2.0783    13.6580     5.8462     2.8080    -0.0822
    2.0849    13.6963     5.8127     2.8074    -0.0817
    2.0914    13.7344     5.7794     2.8069    -0.0813
    2.0980    13.7723     5.7462     2.8064    -0.0808
    2.1048    13.8111     5.7121     2.8058    -0.0803
    2.1116    13.8497     5.6782     2.8053    -0.0798
    2.1183    13.8880     5.6445     2.8047    -0.0794
    2.1251    13.9262     5.6109     2.8042    -0.0789
    2.1321    13.9654     5.5762     2.8036    -0.0784
    2.1392    14.0045     5.5418     2.8031    -0.0779
    2.1462    14.0433     5.5075     2.8025    -0.0774
    2.1532    14.0818     5.4734     2.8020    -0.0770
    2.1605    14.1218     5.4380     2.8014    -0.0765
    2.1678    14.1615     5.4028     2.8009    -0.0760
    2.1752    14.2009     5.3677     2.8003    -0.0755
    2.1825    14.2401     5.3329     2.7998    -0.0750
    2.1902    14.2812     5.2965     2.7992    -0.0745
    2.1979    14.3220     5.2602     2.7986    -0.0740
    2.2057    14.3624     5.2242     2.7981    -0.0735
    2.2134    14.4027     5.1884     2.7975    -0.0730
    2.2217    14.4455     5.1503     2.7969    -0.0724
    2.2300    14.4879     5.1124     2.7963    -0.0719
    2.2382    14.5301     5.0748     2.7957    -0.0714
    2.2465    14.5720     5.0375     2.7951    -0.0708
    2.2557    14.6180     4.9964     2.7945    -0.0703
    2.2649    14.6637     4.9557     2.7938    -0.0697
    2.2740    14.7089     4.9153     2.7932    -0.0691
    2.2832    14.7539     4.8753     2.7926    -0.0685
    2.2946    14.8089     4.8261     2.7918    -0.0679
    2.3059    14.8635     4.7775     2.7910    -0.0672
    2.3173    14.9174     4.7294     2.7903    -0.0665
    2.3286    14.9709     4.6818     2.7895    -0.0658
    2.3379    15.0139     4.6434     2.7889    -0.0653
    2.3471    15.0566     4.6054     2.7883    -0.0648
    2.3563    15.0990     4.5678     2.7877    -0.0642
    2.3656    15.1410     4.5304     2.7871    -0.0637
    2.3748    15.1826     4.4934     2.7865    -0.0632
    2.3840    15.2240     4.4567     2.7859    -0.0627
    2.3933    15.2649     4.4204     2.7854    -0.0622
    2.4025    15.3056     4.3843     2.7848    -0.0616
    2.4111    15.3432     4.3511     2.7843    -0.0612
    2.4197    15.3805     4.3181     2.7837    -0.0607
    2.4283    15.4175     4.2854     2.7832    -0.0603
    2.4369    15.4542     4.2529     2.7827    -0.0598
    2.4451    15.4890     4.2222     2.7822    -0.0594
    2.4533    15.5236     4.1918     2.7817    -0.0589
    2.4616    15.5579     4.1616     2.7813    -0.0585
    2.4698    15.5919     4.1316     2.7808    -0.0581
    2.4777    15.6248     4.1028     2.7803    -0.0577
    2.4857    15.6574     4.0742     2.7799    -0.0573
    2.4937    15.6897     4.0458     2.7794    -0.0569
    2.5017    15.7219     4.0177     2.7789    -0.0565
    2.5095    15.7531     3.9904     2.7785    -0.0561
    2.5173    15.7842     3.9632     2.7781    -0.0557
    2.5251    15.8150     3.9364     2.7776    -0.0553
    2.5329    15.8457     3.9097     2.7772    -0.0550
    2.5406    15.8756     3.8836     2.7768    -0.0546
    2.5483    15.9054     3.8577     2.7764    -0.0542
    2.5560    15.9350     3.8321     2.7759    -0.0539
    2.5637    15.9644     3.8066     2.7755    -0.0535
    2.5713    15.9932     3.7816     2.7751    -0.0532
    2.5789    16.0219     3.7568     2.7747    -0.0528
    2.5865    16.0504     3.7322     2.7743    -0.0525
    2.5941    16.0787     3.7078     2.7739    -0.0521
    2.6017    16.1066     3.6838     2.7735    -0.0518
    2.6092    16.1344     3.6600     2.7731    -0.0515
    2.6168    16.1619     3.6364     2.7728    -0.0511
    2.6243    16.1893     3.6129     2.7724    -0.0508
    2.6318    16.2163     3.5898     2.7720    -0.0505
    2.6393    16.2432     3.5669     2.7716    -0.0502
    2.6468    16.2699     3.5441     2.7712    -0.0498
    2.6543    16.2964     3.5215     2.7709    -0.0495
    2.6618    16.3226     3.4992     2.7705    -0.0492
    2.6693    16.3487     3.4770     2.7701    -0.0489
    2.6768    16.3746     3.4551     2.7698    -0.0486
    2.6842    16.4004     3.4333     2.7694    -0.0483
    2.6917    16.4259     3.4117     2.7690    -0.0480
    2.6992    16.4513     3.3903     2.7687    -0.0477
    2.7066    16.4765     3.3691     2.7683    -0.0474
    2.7141    16.5016     3.3480     2.7680    -0.0471
    2.7215    16.5264     3.3271     2.7676    -0.0468
    2.7290    16.5512     3.3064     2.7673    -0.0465
    2.7365    16.5757     3.2859     2.7669    -0.0462
    2.7439    16.6001     3.2655     2.7666    -0.0459
    2.7514    16.6244     3.2452     2.7663    -0.0456
    2.7588    16.6485     3.2252     2.7659    -0.0453
    2.7663    16.6725     3.2053     2.7656    -0.0451
    2.7737    16.6963     3.1855     2.7652    -0.0448
    2.7812    16.7200     3.1659     2.7649    -0.0445
    2.7886    16.7435     3.1464     2.7646    -0.0442
    2.7961    16.7669     3.1271     2.7643    -0.0440
    2.8035    16.7902     3.1080     2.7639    -0.0437
    2.8110    16.8133     3.0890     2.7636    -0.0434
    2.8185    16.8363     3.0701     2.7633    -0.0432
    2.8260    16.8592     3.0513     2.7630    -0.0429
    2.8334    16.8819     3.0328     2.7626    -0.0426
    2.8409    16.9045     3.0143     2.7623    -0.0424
    2.8484    16.9270     2.9959     2.7620    -0.0421
    2.8559    16.9494     2.9778     2.7617    -0.0419
    2.8634    16.9716     2.9597     2.7614    -0.0416
    2.8709    16.9938     2.9418     2.7611    -0.0414
    2.8784    17.0158     2.9239     2.7608    -0.0411
    2.8859    17.0377     2.9063     2.7604    -0.0409
    2.8934    17.0595     2.8887     2.7601    -0.0406
    2.9009    17.0812     2.8713     2.7598    -0.0404
    2.9085    17.1027     2.8540     2.7595    -0.0401
    2.9160    17.1242     2.8368     2.7592    -0.0399
    2.9236    17.1455     2.8198     2.7589    -0.0396
    2.9311    17.1667     2.8028     2.7586    -0.0394
    2.9387    17.1879     2.7859     2.7583    -0.0392
    2.9462    17.2089     2.7692     2.7580    -0.0389
    2.9538    17.2298     2.7527     2.7577    -0.0387
    2.9614    17.2506     2.7362     2.7575    -0.0385
    2.9690    17.2714     2.7198     2.7572    -0.0382
    2.9766    17.2920     2.7035     2.7569    -0.0380
    2.9842    17.3124     2.6874     2.7566    -0.0378
    2.9918    17.3329     2.6713     2.7563    -0.0376
    2.9995    17.3532     2.6554     2.7560    -0.0373
    3.0071    17.3734     2.6396     2.7557    -0.0371
    3.0147    17.3935     2.6239     2.7554    -0.0369
    3.0224    17.4136     2.6082     2.7552    -0.0367
    3.0301    17.4335     2.5927     2.7549    -0.0365
    3.0378    17.4534     2.5773     2.7546    -0.0362
    3.0454    17.4731     2.5620     2.7543    -0.0360
    3.0531    17.4928     2.5468     2.7540    -0.0358
    3.0609    17.5124     2.5317     2.7538    -0.0356
    3.0686    17.5319     2.5167     2.7535    -0.0354
    3.0763    17.5512     2.5018     2.7532    -0.0352
    3.0840    17.5706     2.4870     2.7530    -0.0350
    3.0918    17.5898     2.4723     2.7527    -0.0348
    3.0996    17.6089     2.4577     2.7524    -0.0346
    3.1073    17.6279     2.4432     2.7521    -0.0344
    3.1151    17.6469     2.4287     2.7519    -0.0341
    3.1229    17.6658     2.4144     2.7516    -0.0339
    3.1307    17.6846     2.4001     2.7513    -0.0337
    3.1385    17.7033     2.3860     2.7511    -0.0335
    3.1464    17.7220     2.3719     2.7508    -0.0334
    3.1542    17.7406     2.3580     2.7506    -0.0332
    3.1621    17.7590     2.3441     2.7503    -0.0330
    3.1699    17.7774     2.3303     2.7500    -0.0328
    3.1778    17.7957     2.3166     2.7498    -0.0326
    3.1858    17.8140     2.3030     2.7495    -0.0324
    3.1937    17.8321     2.2895     2.7493    -0.0322
    3.2016    17.8502     2.2760     2.7490    -0.0320
    3.2095    17.8682     2.2627     2.7488    -0.0318
    3.2175    17.8862     2.2494     2.7485    -0.0316
    3.2254    17.9040     2.2362     2.7483    -0.0314
    3.2334    17.9218     2.2231     2.7480    -0.0313
    3.2414    17.9395     2.2101     2.7478    -0.0311
    3.2494    17.9572     2.1971     2.7475    -0.0309
    3.2574    17.9748     2.1843     2.7473    -0.0307
    3.2654    17.9922     2.1715     2.7470    -0.0305
    3.2735    18.0097     2.1588     2.7468    -0.0304
    3.2816    18.0270     2.1462     2.7465    -0.0302
    3.2896    18.0443     2.1336     2.7463    -0.0300
    3.2977    18.0615     2.1212     2.7460    -0.0298
    3.3058    18.0787     2.1088     2.7458    -0.0297
    3.3140    18.0957     2.0965     2.7456    -0.0295
    3.3221    18.1127     2.0843     2.7453    -0.0293
    3.3302    18.1296     2.0721     2.7451    -0.0291
    3.3384    18.1465     2.0600     2.7449    -0.0290
    3.3466    18.1634     2.0480     2.7446    -0.0288
    3.3548    18.1801     2.0361     2.7444    -0.0286
    3.3630    18.1967     2.0243     2.7441    -0.0285
    3.3712    18.2134     2.0125     2.7439    -0.0283
    3.3795    18.2299     2.0007     2.7437    -0.0281
    3.3877    18.2464     1.9891     2.7435    -0.0280
    3.3960    18.2627     1.9776     2.7432    -0.0278
    3.4043    18.2791     1.9660     2.7430    -0.0276
    3.4126    18.2954     1.9546     2.7428    -0.0275
    3.4209    18.3116     1.9433     2.7425    -0.0273
    3.4292    18.3277     1.9320     2.7423    -0.0272
    3.4376    18.3439     1.9208     2.7421    -0.0270
    3.4460    18.3599     1.9096     2.7419    -0.0268
    3.4544    18.3759     1.8985     2.7416    -0.0267
    3.4627    18.3917     1.8876     2.7414    -0.0265
    3.4712    18.4076     1.8766     2.7412    -0.0264
    3.4796    18.4234     1.8657     2.7410    -0.0262
    3.4881    18.4391     1.8549     2.7407    -0.0261
    3.4965    18.4548     1.8442     2.7405    -0.0259
    3.5050    18.4704     1.8335     2.7403    -0.0258
    3.5135    18.4860     1.8228     2.7401    -0.0256
    3.5221    18.5015     1.8123     2.7399    -0.0255
    3.5306    18.5168     1.8018     2.7396    -0.0253
    3.5392    18.5323     1.7914     2.7394    -0.0252
    3.5477    18.5476     1.7810     2.7392    -0.0250
    3.5563    18.5628     1.7707     2.7390    -0.0249
    3.5649    18.5780     1.7605     2.7388    -0.0248
    3.5736    18.5932     1.7503     2.7386    -0.0246
    3.5822    18.6083     1.7402     2.7384    -0.0245
    3.5909    18.6233     1.7301     2.7382    -0.0243
    3.5995    18.6382     1.7202     2.7379    -0.0242
    3.6083    18.6532     1.7102     2.7377    -0.0240
    3.6170    18.6681     1.7003     2.7375    -0.0239
    3.6257    18.6829     1.6905     2.7373    -0.0238
    3.6344    18.6976     1.6808     2.7371    -0.0236
    3.6433    18.7124     1.6710     2.7369    -0.0235
    3.6521    18.7270     1.6614     2.7367    -0.0234
    3.6609    18.7416     1.6518     2.7365    -0.0232
    3.6697    18.7561     1.6423     2.7363    -0.0231
    3.6785    18.7707     1.6328     2.7361    -0.0230
    3.6874    18.7851     1.6234     2.7359    -0.0228
    3.6963    18.7995     1.6141     2.7357    -0.0227
    3.7052    18.8138     1.6048     2.7355    -0.0226
    3.7141    18.8281     1.5955     2.7353    -0.0224
    3.7231    18.8424     1.5863     2.7351    -0.0223
    3.7320    18.8565     1.5772     2.7349    -0.0222
    3.7410    18.8706     1.5681     2.7347    -0.0220
    3.7500    18.8847     1.5591     2.7345    -0.0219
    3.7591    18.8988     1.5501     2.7343    -0.0218
    3.7681    18.9127     1.5412     2.7341    -0.0217
    3.7771    18.9266     1.5324     2.7339    -0.0215
    3.7863    18.9406     1.5235     2.7337    -0.0214
    3.7954    18.9544     1.5147     2.7335    -0.0213
    3.8045    18.9682     1.5060     2.7333    -0.0212
    3.8136    18.9819     1.4974     2.7331    -0.0211
    3.8228    18.9956     1.4888     2.7329    -0.0209
    3.8320    19.0092     1.4802     2.7327    -0.0208
    3.8412    19.0228     1.4717     2.7325    -0.0207
    3.8504    19.0363     1.4633     2.7323    -0.0206
    3.8597    19.0498     1.4548     2.7322    -0.0205
    3.8689    19.0633     1.4465     2.7320    -0.0203
    3.8782    19.0767     1.4382     2.7318    -0.0202
    3.8875    19.0900     1.4300     2.7316    -0.0201
    3.8969    19.1033     1.4217     2.7314    -0.0200
    3.9062    19.1166     1.4135     2.7312    -0.0199
    3.9156    19.1298     1.4054     2.7310    -0.0198
    3.9250    19.1429     1.3974     2.7308    -0.0196
    3.9344    19.1561     1.3894     2.7307    -0.0195
    3.9439    19.1692     1.3814     2.7305    -0.0194
    3.9533    19.1822     1.3735     2.7303    -0.0193
    3.9628    19.1952     1.3656     2.7301    -0.0192
    3.9723    19.2081     1.3578     2.7299    -0.0191
    3.9818    19.2211     1.3500     2.7297    -0.0190
    3.9914    19.2339     1.3422     2.7296    -0.0189
    4.0009    19.2467     1.3346     2.7294    -0.0188
    4.0105    19.2595     1.3269     2.7292    -0.0187
    4.0202    19.2722     1.3193     2.7290    -0.0185
    4.0298    19.2849     1.3117     2.7288    -0.0184
    4.0394    19.2975     1.3042     2.7287    -0.0183
    4.0491    19.3101     1.2967     2.7285    -0.0182
    4.0588    19.3226     1.2893     2.7283    -0.0181
    4.0685    19.3351     1.2819     2.7281    -0.0180
    4.0783    19.3476     1.2746     2.7280    -0.0179
    4.0881    19.3600     1.2673     2.7278    -0.0178
    4.0979    19.3724     1.2600     2.7276    -0.0177
    4.1077    19.3847     1.2528     2.7274    -0.0176
    4.1175    19.3970     1.2457     2.7273    -0.0175
    4.1274    19.4093     1.2385     2.7271    -0.0174
    4.1373    19.4215     1.2314     2.7269    -0.0173
    4.1472    19.4337     1.2244     2.7268    -0.0172
    4.1571    19.4457     1.2174     2.7266    -0.0171
    4.1671    19.4579     1.2104     2.7264    -0.0170
    4.1771    19.4699     1.2035     2.7262    -0.0169
    4.1871    19.4819     1.1966     2.7261    -0.0168
    4.1971    19.4938     1.1898     2.7259    -0.0167
    4.2071    19.5058     1.1830     2.7257    -0.0166
    4.2172    19.5177     1.1762     2.7256    -0.0165
    4.2273    19.5295     1.1695     2.7254    -0.0164
    4.2374    19.5413     1.1628     2.7252    -0.0163
    4.2476    19.5531     1.1562     2.7251    -0.0163
    4.2578    19.5649     1.1495     2.7249    -0.0162
    4.2680    19.5765     1.1430     2.7247    -0.0161
    4.2781    19.5881     1.1365     2.7246    -0.0160
    4.2884    19.5998     1.1300     2.7244    -0.0159
    4.2987    19.6114     1.1235     2.7243    -0.0158
    4.3090    19.6229     1.1171     2.7241    -0.0157
    4.3193    19.6343     1.1107     2.7239    -0.0156
    4.3296    19.6458     1.1044     2.7238    -0.0155
    4.3400    19.6573     1.0980     2.7236    -0.0154
    4.3504    19.6686     1.0918     2.7235    -0.0154
    4.3608    19.6799     1.0856     2.7233    -0.0153
    4.3713    19.6913     1.0794     2.7231    -0.0152
    4.3818    19.7026     1.0732     2.7230    -0.0151
    4.3922    19.7138     1.0671     2.7228    -0.0150
    4.4027    19.7249     1.0610     2.7227    -0.0149
    4.4133    19.7361     1.0549     2.7225    -0.0148
    4.4239    19.7473     1.0489     2.7223    -0.0147
    4.4345    19.7583     1.0429     2.7222    -0.0147
    4.4451    19.7694     1.0370     2.7220    -0.0146
    4.4558    19.7804     1.0310     2.7219    -0.0145
    4.4664    19.7914     1.0252     2.7217    -0.0144
    4.4771    19.8023     1.0193     2.7216    -0.0143
    4.4878    19.8132     1.0135     2.7214    -0.0143
    4.4986    19.8241     1.0077     2.7213    -0.0142
    4.5094    19.8349     1.0020     2.7211    -0.0141
    4.5202    19.8457     0.9963     2.7210    -0.0140
    4.5310    19.8564     0.9906     2.7208    -0.0139
    4.5419    19.8672     0.9849     2.7207    -0.0138
    4.5528    19.8779     0.9793     2.7205    -0.0138
    4.5637    19.8886     0.9737     2.7204    -0.0137
    4.5746    19.8991     0.9682     2.7202    -0.0136
    4.5856    19.9098     0.9627     2.7201    -0.0135
    4.5967    19.9204     0.9571     2.7199    -0.0135
    4.6077    19.9309     0.9517     2.7198    -0.0134
    4.6187    19.9414     0.9463     2.7196    -0.0133
    4.6299    19.9519     0.9408     2.7195    -0.0132
    4.6411    19.9624     0.9354     2.7193    -0.0132
    4.6523    19.9729     0.9301     2.7192    -0.0131
    4.6635    19.9832     0.9248     2.7190    -0.0130
    4.6748    19.9937     0.9194     2.7189    -0.0129
    4.6862    20.0041     0.9141     2.7187    -0.0129
    4.6975    20.0145     0.9089     2.7186    -0.0128
    4.7089    20.0248     0.9036     2.7184    -0.0127
    4.7204    20.0351     0.8984     2.7183    -0.0126
    4.7319    20.0455     0.8932     2.7182    -0.0126
    4.7434    20.0557     0.8880     2.7180    -0.0125
    4.7550    20.0659     0.8829     2.7179    -0.0124
    4.7666    20.0762     0.8778     2.7177    -0.0123
    4.7783    20.0864     0.8727     2.7176    -0.0123
    4.7900    20.0966     0.8676     2.7174    -0.0122
    4.8017    20.1067     0.8626     2.7173    -0.0121
    4.8136    20.1169     0.8575     2.7171    -0.0121
    4.8255    20.1271     0.8525     2.7170    -0.0120
    4.8373    20.1372     0.8476     2.7169    -0.0119
    4.8492    20.1472     0.8426     2.7167    -0.0118
    4.8612    20.1573     0.8377     2.7166    -0.0118
    4.8733    20.1674     0.8328     2.7164    -0.0117
    4.8853    20.1774     0.8279     2.7163    -0.0116
    4.8974    20.1873     0.8231     2.7162    -0.0116
    4.9096    20.1973     0.8182     2.7160    -0.0115
    4.9218    20.2073     0.8134     2.7159    -0.0114
    4.9340    20.2172     0.8086     2.7157    -0.0114
    4.9463    20.2271     0.8039     2.7156    -0.0113
    4.9587    20.2370     0.7991     2.7155    -0.0112
    4.9711    20.2469     0.7944     2.7153    -0.0112
    4.9835    20.2567     0.7897     2.7152    -0.0111
    4.9959    20.2665     0.7850     2.7150    -0.0110
    5.0085    20.2764     0.7803     2.7149    -0.0110
    5.0211    20.2862     0.7757     2.7148    -0.0109
    5.0337    20.2959     0.7711     2.7146    -0.0108
    5.0463    20.3056     0.7665     2.7145    -0.0108
    5.0591    20.3154     0.7619     2.7144    -0.0107
    5.0719    20.3251     0.7574     2.7142    -0.0106
    5.0847    20.3348     0.7529     2.7141    -0.0106
    5.0975    20.3444     0.7484     2.7140    -0.0105
    5.1105    20.3541     0.7439     2.7138    -0.0105
    5.1235    20.3637     0.7395     2.7137    -0.0104
    5.1365    20.3733     0.7350     2.7135    -0.0103
    5.1495    20.3828     0.7306     2.7134    -0.0103
    5.1627    20.3924     0.7262     2.7133    -0.0102
    5.1759    20.4020     0.7219     2.7131    -0.0101
    5.1891    20.4115     0.7175     2.7130    -0.0101
    5.2022    20.4209     0.7132     2.7129    -0.0100
    5.2157    20.4305     0.7089     2.7127    -0.0100
    5.2291    20.4399     0.7046     2.7126    -0.0099
    5.2425    20.4493     0.7003     2.7125    -0.0098
    5.2559    20.4587     0.6961     2.7123    -0.0098
    5.2695    20.4681     0.6919     2.7122    -0.0097
    5.2831    20.4775     0.6877     2.7121    -0.0097
    5.2967    20.4869     0.6835     2.7119    -0.0096
    5.3103    20.4962     0.6794     2.7118    -0.0096
    5.3242    20.5055     0.6752     2.7117    -0.0095
    5.3380    20.5148     0.6711     2.7116    -0.0094
    5.3518    20.5241     0.6670     2.7114    -0.0094
    5.3656    20.5333     0.6629     2.7113    -0.0093
    5.3797    20.5426     0.6589     2.7112    -0.0093
    5.3938    20.5518     0.6548     2.7110    -0.0092
    5.4078    20.5610     0.6508     2.7109    -0.0092
    5.4219    20.5701     0.6468     2.7108    -0.0091
    5.4361    20.5793     0.6428     2.7106    -0.0090
    5.4504    20.5885     0.6389     2.7105    -0.0090
    5.4647    20.5975     0.6349     2.7104    -0.0089
    5.4790    20.6066     0.6311     2.7103    -0.0089
    5.4935    20.6157     0.6271     2.7101    -0.0088
    5.5080    20.6248     0.6233     2.7100    -0.0088
    5.5225    20.6338     0.6194     2.7099    -0.0087
    5.5370    20.6428     0.6156     2.7098    -0.0087
    5.5518    20.6518     0.6117     2.7096    -0.0086
    5.5665    20.6608     0.6079     2.7095    -0.0085
    5.5813    20.6697     0.6042     2.7094    -0.0085
    5.5960    20.6786     0.6004     2.7093    -0.0084
    5.6110    20.6876     0.5967     2.7091    -0.0084
    5.6260    20.6965     0.5929     2.7090    -0.0083
    5.6410    20.7054     0.5892     2.7089    -0.0083
    5.6560    20.7142     0.5856     2.7088    -0.0082
    5.6712    20.7231     0.5819     2.7086    -0.0082
    5.6864    20.7319     0.5782     2.7085    -0.0081
    5.7017    20.7407     0.5746     2.7084    -0.0081
    5.7169    20.7494     0.5710     2.7083    -0.0080
    5.7324    20.7582     0.5674     2.7081    -0.0080
    5.7479    20.7670     0.5638     2.7080    -0.0079
    5.7634    20.7757     0.5603     2.7079    -0.0079
    5.7789    20.7843     0.5567     2.7078    -0.0078
    5.7946    20.7931     0.5532     2.7076    -0.0078
    5.8103    20.8018     0.5497     2.7075    -0.0077
    5.8261    20.8104     0.5462     2.7074    -0.0077
    5.8418    20.8190     0.5428     2.7073    -0.0076
    5.8579    20.8276     0.5393     2.7072    -0.0076
    5.8739    20.8362     0.5359     2.7070    -0.0075
    5.8899    20.8448     0.5325     2.7069    -0.0075
    5.9059    20.8533     0.5291     2.7068    -0.0074
    5.9222    20.8619     0.5257     2.7067    -0.0074
    5.9385    20.8704     0.5223     2.7066    -0.0073
    5.9547    20.8789     0.5190     2.7064    -0.0073
    5.9710    20.8873     0.5157     2.7063    -0.0073
    5.9876    20.8958     0.5123     2.7062    -0.0072
    6.0041    20.9043     0.5090     2.7061    -0.0072
    6.0207    20.9127     0.5058     2.7060    -0.0071
    6.0373    20.9210     0.5025     2.7058    -0.0071
    6.0541    20.9295     0.4993     2.7057    -0.0070
    6.0709    20.9378     0.4961     2.7056    -0.0070
    6.0878    20.9462     0.4929     2.7055    -0.0069
    6.1046    20.9544     0.4897     2.7054    -0.0069
    6.1218    20.9628     0.4865     2.7053    -0.0068
    6.1389    20.9711     0.4833     2.7051    -0.0068
    6.1560    20.9794     0.4802     2.7050    -0.0068
    6.1732    20.9876     0.4771     2.7049    -0.0067
    6.1906    20.9959     0.4740     2.7048    -0.0067
    6.2080    21.0041     0.4709     2.7047    -0.0066
    6.2254    21.0123     0.4678     2.7046    -0.0066
    6.2429    21.0204     0.4648     2.7044    -0.0065
    6.2606    21.0286     0.4617     2.7043    -0.0065
    6.2783    21.0368     0.4587     2.7042    -0.0064
    6.2961    21.0449     0.4557     2.7041    -0.0064
    6.3138    21.0529     0.4527     2.7040    -0.0064
    6.3319    21.0611     0.4497     2.7039    -0.0063
    6.3499    21.0692     0.4467     2.7038    -0.0063
    6.3679    21.0772     0.4438     2.7036    -0.0062
    6.3860    21.0852     0.4409     2.7035    -0.0062
    6.4044    21.0933     0.4379     2.7034    -0.0062
    6.4227    21.1013     0.4350     2.7033    -0.0061
    6.4411    21.1092     0.4322     2.7032    -0.0061
    6.4594    21.1171     0.4293     2.7031    -0.0060
    6.4781    21.1251     0.4264     2.7030    -0.0060
    6.4968    21.1331     0.4236     2.7029    -0.0060
    6.5155    21.1410     0.4208     2.7028    -0.0059
    6.5342    21.1488     0.4180     2.7026    -0.0059
    6.5532    21.1567     0.4152     2.7025    -0.0058
    6.5722    21.1646     0.4124     2.7024    -0.0058
    6.5913    21.1724     0.4096     2.7023    -0.0058
    6.6103    21.1802     0.4069     2.7022    -0.0057
    6.6297    21.1880     0.4042     2.7021    -0.0057
    6.6490    21.1958     0.4014     2.7020    -0.0056
    6.6684    21.2036     0.3988     2.7019    -0.0056
    6.6877    21.2113     0.3961     2.7018    -0.0056
    6.7075    21.2191     0.3934     2.7017    -0.0055
    6.7272    21.2268     0.3907     2.7015    -0.0055
    6.7469    21.2345     0.3881     2.7014    -0.0055
    6.7666    21.2421     0.3855     2.7013    -0.0054
    6.7867    21.2498     0.3828     2.7012    -0.0054
    6.8068    21.2575     0.3802     2.7011    -0.0053
    6.8268    21.2651     0.3777     2.7010    -0.0053
    6.8469    21.2726     0.3751     2.7009    -0.0053
    6.8673    21.2803     0.3725     2.7008    -0.0052
    6.8878    21.2879     0.3700     2.7007    -0.0052
    6.9082    21.2954     0.3675     2.7006    -0.0052
    6.9287    21.3029     0.3650     2.7005    -0.0051
    6.9495    21.3105     0.3624     2.7004    -0.0051
    6.9703    21.3180     0.3600     2.7003    -0.0051
    6.9911    21.3254     0.3575     2.7002    -0.0050
    7.0119    21.3329     0.3550     2.7001    -0.0050
    7.0331    21.3404     0.3526     2.6999    -0.0050
    7.0543    21.3478     0.3501     2.6998    -0.0049
    7.0755    21.3552     0.3477     2.6997    -0.0049
    7.0967    21.3626     0.3453     2.6996    -0.0049
    7.1183    21.3700     0.3429     2.6995    -0.0048
    7.1399    21.3774     0.3405     2.6994    -0.0048
    7.1615    21.3847     0.3382     2.6993    -0.0048
    7.1831    21.3920     0.3358     2.6992    -0.0047
    7.2051    21.3993     0.3335     2.6991    -0.0047
    7.2272    21.4067     0.3312     2.6990    -0.0047
    7.2492    21.4139     0.3289     2.6989    -0.0046
    7.2712    21.4211     0.3266     2.6988    -0.0046
    7.2936    21.4284     0.3243     2.6987    -0.0046
    7.3160    21.4357     0.3220     2.6986    -0.0045
    7.3384    21.4429     0.3197     2.6985    -0.0045
    7.3608    21.4500     0.3175     2.6984    -0.0045
    7.3837    21.4572     0.3153     2.6983    -0.0044
    7.4065    21.4644     0.3130     2.6982    -0.0044
    7.4294    21.4715     0.3108     2.6981    -0.0044
    7.4522    21.4786     0.3086     2.6980    -0.0043
    7.4755    21.4858     0.3064     2.6979    -0.0043
    7.4988    21.4929     0.3043     2.6978    -0.0043
    7.5221    21.4999     0.3021     2.6977    -0.0042
    7.5454    21.5070     0.3000     2.6976    -0.0042
    7.5691    21.5140     0.2978     2.6975    -0.0042
    7.5928    21.5211     0.2957     2.6974    -0.0042
    7.6166    21.5281     0.2936     2.6973    -0.0041
    7.6403    21.5350     0.2915     2.6972    -0.0041
    7.6645    21.5421     0.2894     2.6971    -0.0041
    7.6887    21.5490     0.2873     2.6970    -0.0040
    7.7129    21.5560     0.2853     2.6969    -0.0040
    7.7370    21.5628     0.2832     2.6968    -0.0040
    7.7617    21.5698     0.2812     2.6967    -0.0040
    7.7864    21.5767     0.2792     2.6966    -0.0039
    7.8110    21.5836     0.2771     2.6965    -0.0039
    7.8357    21.5904     0.2752     2.6964    -0.0039
    7.8608    21.5973     0.2732     2.6963    -0.0038
    7.8860    21.6041     0.2712     2.6962    -0.0038
    7.9111    21.6109     0.2692     2.6961    -0.0038
    7.9363    21.6176     0.2673     2.6960    -0.0038
    7.9619    21.6245     0.2653     2.6960    -0.0037
    7.9876    21.6313     0.2634     2.6959    -0.0037
    8.0132    21.6380     0.2615     2.6958    -0.0037
    8.0388    21.6447     0.2596     2.6957    -0.0036
    8.0650    21.6514     0.2576     2.6956    -0.0036
    8.0912    21.6581     0.2557     2.6955    -0.0036
    8.1173    21.6648     0.2539     2.6954    -0.0036
    8.1435    21.6714     0.2520     2.6953    -0.0035
    8.1701    21.6781     0.2502     2.6952    -0.0035
    8.1968    21.6848     0.2483     2.6951    -0.0035
    8.2235    21.6914     0.2465     2.6950    -0.0035
    8.2501    21.6979     0.2447     2.6949    -0.0034
    8.2774    21.7045     0.2429     2.6948    -0.0034
    8.3046    21.7111     0.2410     2.6947    -0.0034
    8.3318    21.7177     0.2393     2.6946    -0.0034
    8.3590    21.7241     0.2375     2.6946    -0.0033
    8.3868    21.7307     0.2357     2.6945    -0.0033
    8.4145    21.7372     0.2340     2.6944    -0.0033
    8.4423    21.7437     0.2322     2.6943    -0.0033
    8.4700    21.7501     0.2305     2.6942    -0.0032
    8.4984    21.7566     0.2288     2.6941    -0.0032
    8.5267    21.7631     0.2270     2.6940    -0.0032
    8.5550    21.7695     0.2253     2.6939    -0.0032
    8.5833    21.7759     0.2237     2.6938    -0.0031
    8.6123    21.7823     0.2220     2.6937    -0.0031
    8.6412    21.7887     0.2203     2.6936    -0.0031
    8.6701    21.7950     0.2186     2.6936    -0.0031
    8.6990    21.8013     0.2170     2.6935    -0.0031
    8.7285    21.8077     0.2153     2.6934    -0.0030
    8.7580    21.8140     0.2137     2.6933    -0.0030
    8.7875    21.8203     0.2121     2.6932    -0.0030
    8.8170    21.8265     0.2105     2.6931    -0.0030
    8.8471    21.8329     0.2088     2.6930    -0.0029
    8.8772    21.8391     0.2073     2.6929    -0.0029
    8.9074    21.8453     0.2057     2.6928    -0.0029
    8.9375    21.8515     0.2041     2.6928    -0.0029
    8.9682    21.8578     0.2025     2.6927    -0.0028
    8.9990    21.8640     0.2010     2.6926    -0.0028
    9.0297    21.8701     0.1994     2.6925    -0.0028
    9.0605    21.8762     0.1979     2.6924    -0.0028
    9.0919    21.8824     0.1964     2.6923    -0.0028
    9.1233    21.8886     0.1949     2.6922    -0.0027
    9.1547    21.8947     0.1934     2.6922    -0.0027
    9.1861    21.9007     0.1919     2.6921    -0.0027
    9.2181    21.9068     0.1904     2.6920    -0.0027
    9.2502    21.9129     0.1889     2.6919    -0.0027
    9.2822    21.9190     0.1874     2.6918    -0.0026
    9.3143    21.9249     0.1860     2.6917    -0.0026
    9.3471    21.9310     0.1845     2.6916    -0.0026
    9.3798    21.9370     0.1831     2.6916    -0.0026
    9.4125    21.9430     0.1816     2.6915    -0.0026
    9.4453    21.9489     0.1802     2.6914    -0.0025
    9.4787    21.9549     0.1788     2.6913    -0.0025
    9.5122    21.9609     0.1774     2.6912    -0.0025
    9.5456    21.9668     0.1760     2.6911    -0.0025
    9.5791    21.9727     0.1746     2.6911    -0.0025
    9.6133    21.9786     0.1732     2.6910    -0.0024
    9.6474    21.9845     0.1719     2.6909    -0.0024
    9.6816    21.9903     0.1705     2.6908    -0.0024
    9.7158    21.9961     0.1692     2.6907    -0.0024
    9.7507    22.0020     0.1678     2.6906    -0.0024
    9.7856    22.0079     0.1665     2.6906    -0.0023
    9.8205    22.0137     0.1651     2.6905    -0.0023
    9.8555    22.0194     0.1638     2.6904    -0.0023
    9.8911    22.0252     0.1625     2.6903    -0.0023
    9.9268    22.0310     0.1612     2.6902    -0.0023
    9.9625    22.0367     0.1599     2.6902    -0.0022
    9.9982    22.0424     0.1586     2.6901    -0.0022
   10.0346    22.0482     0.1574     2.6900    -0.0022
   10.0711    22.0539     0.1561     2.6899    -0.0022
   10.1076    22.0596     0.1548     2.6898    -0.0022
   10.1440    22.0652     0.1536     2.6898    -0.0022
   10.1813    22.0709     0.1523     2.6897    -0.0021
   10.2186    22.0765     0.1511     2.6896    -0.0021
   10.2559    22.0821     0.1499     2.6895    -0.0021
   10.2931    22.0877     0.1487     2.6894    -0.0021
   10.3313    22.0933     0.1474     2.6894    -0.0021
   10.3694    22.0989     0.1462     2.6893    -0.0021
   10.4075    22.1045     0.1450     2.6892    -0.0020
   10.4456    22.1100     0.1439     2.6891    -0.0020
   10.4846    22.1156     0.1427     2.6890    -0.0020
   10.5235    22.1211     0.1415     2.6890    -0.0020
   10.5625    22.1266     0.1403     2.6889    -0.0020
   10.6015    22.1321     0.1392     2.6888    -0.0020
   10.6413    22.1376     0.1380     2.6887    -0.0019
   10.6812    22.1431     0.1369     2.6887    -0.0019
   10.7210    22.1485     0.1358     2.6886    -0.0019
   10.7609    22.1539     0.1347     2.6885    -0.0019
   10.8016    22.1594     0.1335     2.6884    -0.0019
   10.8424    22.1648     0.1324     2.6884    -0.0019
   10.8832    22.1701     0.1313     2.6883    -0.0018
   10.9239    22.1755     0.1302     2.6882    -0.0018
   10.9656    22.1809     0.1291     2.6881    -0.0018
   11.0073    22.1862     0.1280     2.6881    -0.0018
   11.0490    22.1916     0.1270     2.6880    -0.0018
   11.0907    22.1968     0.1259     2.6879    -0.0018
   11.1334    22.2022     0.1249     2.6878    -0.0018
   11.1760    22.2075     0.1238     2.6878    -0.0017
   11.2187    22.2127     0.1228     2.6877    -0.0017
   11.2614    22.2180     0.1217     2.6876    -0.0017
   11.3050    22.2233     0.1207     2.6875    -0.0017
   11.3487    22.2285     0.1197     2.6875    -0.0017
   11.3923    22.2337     0.1187     2.6874    -0.0017
   11.4360    22.2389     0.1177     2.6873    -0.0017
   11.4807    22.2441     0.1166     2.6872    -0.0016
   11.5254    22.2493     0.1156     2.6872    -0.0016
   11.5701    22.2544     0.1147     2.6871    -0.0016
   11.6147    22.2595     0.1137     2.6870    -0.0016
   11.6605    22.2647     0.1127     2.6870    -0.0016
   11.7062    22.2698     0.1117     2.6869    -0.0016
   11.7520    22.2749     0.1108     2.6868    -0.0016
   11.7977    22.2800     0.1098     2.6867    -0.0015
   11.8445    22.2851     0.1089     2.6867    -0.0015
   11.8914    22.2902     0.1079     2.6866    -0.0015
   11.9382    22.2952     0.1070     2.6865    -0.0015
   11.9850    22.3002     0.1061     2.6865    -0.0015
   12.0330    22.3053     0.1051     2.6864    -0.0015
   12.0809    22.3103     0.1042     2.6863    -0.0015
   12.1289    22.3153     0.1033     2.6862    -0.0015
   12.1768    22.3202     0.1024     2.6862    -0.0014
   12.2259    22.3252     0.1015     2.6861    -0.0014
   12.2750    22.3302     0.1006     2.6860    -0.0014
   12.3241    22.3351     0.0997     2.6860    -0.0014
   12.3733    22.3400     0.0989     2.6859    -0.0014
   12.4236    22.3449     0.0980     2.6858    -0.0014
   12.4739    22.3498     0.0971     2.6858    -0.0014
   12.5242    22.3547     0.0963     2.6857    -0.0014
   12.5745    22.3595     0.0954     2.6856    -0.0013
   12.6260    22.3644     0.0946     2.6855    -0.0013
   12.6776    22.3693     0.0937     2.6855    -0.0013
   12.7291    22.3741     0.0929     2.6854    -0.0013
   12.7806    22.3788     0.0921     2.6853    -0.0013
   12.8334    22.3837     0.0913     2.6853    -0.0013
   12.8862    22.3885     0.0904     2.6852    -0.0013
   12.9390    22.3932     0.0896     2.6851    -0.0013
   12.9918    22.3979     0.0888     2.6851    -0.0012
   13.0460    22.4027     0.0880     2.6850    -0.0012
   13.1001    22.4075     0.0872     2.6849    -0.0012
   13.1542    22.4122     0.0864     2.6849    -0.0012
   13.2083    22.4168     0.0857     2.6848    -0.0012
   13.2638    22.4215     0.0849     2.6847    -0.0012
   13.3193    22.4262     0.0841     2.6847    -0.0012
   13.3748    22.4309     0.0834     2.6846    -0.0012
   13.4303    22.4355     0.0826     2.6845    -0.0012
   13.4871    22.4402     0.0818     2.6845    -0.0012
   13.5440    22.4448     0.0811     2.6844    -0.0011
   13.6009    22.4494     0.0804     2.6844    -0.0011
   13.6578    22.4539     0.0796     2.6843    -0.0011
   13.7161    22.4586     0.0789     2.6842    -0.0011
   13.7744    22.4631     0.0782     2.6842    -0.0011
   13.8327    22.4677     0.0774     2.6841    -0.0011
   13.8910    22.4722     0.0767     2.6840    -0.0011
   13.9509    22.4767     0.0760     2.6840    -0.0011
   14.0107    22.4813     0.0753     2.6839    -0.0011
   14.0705    22.4857     0.0746     2.6838    -0.0010
   14.1303    22.4902     0.0739     2.6838    -0.0010
   14.1917    22.4947     0.0732     2.6837    -0.0010
   14.2530    22.4992     0.0725     2.6837    -0.0010
   14.3144    22.5036     0.0719     2.6836    -0.0010
   14.3757    22.5080     0.0712     2.6835    -0.0010
   14.4387    22.5125     0.0705     2.6835    -0.0010
   14.5016    22.5169     0.0699     2.6834    -0.0010
   14.5646    22.5213     0.0692     2.6833    -0.0010
   14.6276    22.5256     0.0686     2.6833    -0.0010
   14.6922    22.5300     0.0679     2.6832    -0.0010
   14.7568    22.5344     0.0673     2.6832    -0.0009
   14.8214    22.5387     0.0666     2.6831    -0.0009
   14.8860    22.5430     0.0660     2.6830    -0.0009
   14.9524    22.5473     0.0654     2.6830    -0.0009
   15.0187    22.5517     0.0647     2.6829    -0.0009
   15.0851    22.5559     0.0641     2.6829    -0.0009
   15.1514    22.5602     0.0635     2.6828    -0.0009
   15.2195    22.5645     0.0629     2.6827    -0.0009
   15.2876    22.5687     0.0623     2.6827    -0.0009
   15.3556    22.5729     0.0617     2.6826    -0.0009
   15.4237    22.5771     0.0611     2.6826    -0.0009
   15.4936    22.5814     0.0605     2.6825    -0.0009
   15.5635    22.5856     0.0599     2.6824    -0.0008
   15.6334    22.5898     0.0593     2.6824    -0.0008
   15.7033    22.5939     0.0588     2.6823    -0.0008
   15.7751    22.5981     0.0582     2.6823    -0.0008
   15.8469    22.6022     0.0576     2.6822    -0.0008
   15.9187    22.6064     0.0571     2.6821    -0.0008
   15.9906    22.6104     0.0565     2.6821    -0.0008
   16.0643    22.6146     0.0560     2.6820    -0.0008
   16.1381    22.6187     0.0554     2.6820    -0.0008
   16.2118    22.6228     0.0549     2.6819    -0.0008
   16.2856    22.6268     0.0543     2.6819    -0.0008
   16.3613    22.6309     0.0538     2.6818    -0.0008
   16.4371    22.6349     0.0532     2.6817    -0.0007
   16.5129    22.6389     0.0527     2.6817    -0.0007
   16.5886    22.6429     0.0522     2.6816    -0.0007
   16.6665    22.6470     0.0517     2.6816    -0.0007
   16.7444    22.6510     0.0512     2.6815    -0.0007
   16.8223    22.6549     0.0507     2.6815    -0.0007
   16.9002    22.6589     0.0501     2.6814    -0.0007
   16.9802    22.6629     0.0496     2.6814    -0.0007
   17.0603    22.6668     0.0491     2.6813    -0.0007
   17.1403    22.6707     0.0486     2.6812    -0.0007
   17.2204    22.6746     0.0482     2.6812    -0.0007
   17.3027    22.6785     0.0477     2.6811    -0.0007
   17.3850    22.6824     0.0472     2.6811    -0.0007
   17.4674    22.6863     0.0467     2.6810    -0.0007
   17.5497    22.6901     0.0462     2.6810    -0.0007
   17.6343    22.6940     0.0458     2.6809    -0.0006
   17.7189    22.6979     0.0453     2.6809    -0.0006
   17.8036    22.7017     0.0448     2.6808    -0.0006
   17.8882    22.7055     0.0444     2.6808    -0.0006
   17.9753    22.7093     0.0439     2.6807    -0.0006
   18.0623    22.7131     0.0435     2.6806    -0.0006
   18.1494    22.7169     0.0430     2.6806    -0.0006
   18.2365    22.7206     0.0426     2.6805    -0.0006
   18.3261    22.7244     0.0421     2.6805    -0.0006
   18.4156    22.7282     0.0417     2.6804    -0.0006
   18.5052    22.7319     0.0413     2.6804    -0.0006
   18.5948    22.7355     0.0408     2.6803    -0.0006
   18.6869    22.7393     0.0404     2.6803    -0.0006
   18.7791    22.7430     0.0400     2.6802    -0.0006
   18.8712    22.7467     0.0396     2.6802    -0.0006
   18.9634    22.7503     0.0392     2.6801    -0.0006
   19.0583    22.7540     0.0387     2.6801    -0.0005
   19.1531    22.7576     0.0383     2.6800    -0.0005
   19.2480    22.7613     0.0379     2.6800    -0.0005
   19.3429    22.7648     0.0375     2.6799    -0.0005
   19.4406    22.7685     0.0371     2.6799    -0.0005
   19.5382    22.7721     0.0367     2.6798    -0.0005
   19.6359    22.7757     0.0363     2.6798    -0.0005
   19.7336    22.7792     0.0360     2.6797    -0.0005
   19.8342    22.7828     0.0356     2.6797    -0.0005
   19.9348    22.7863     0.0352     2.6796    -0.0005
   20.0354    22.7899     0.0348     2.6796    -0.0005
   20.1360    22.7933     0.0344     2.6795    -0.0005
   20.2397    22.7969     0.0341     2.6795    -0.0005
   20.3434    22.8004     0.0337     2.6794    -0.0005
   20.4471    22.8039     0.0333     2.6794    -0.0005
   20.5508    22.8073     0.0330     2.6793    -0.0005
   20.6576    22.8108     0.0326     2.6793    -0.0005
   20.7644    22.8143     0.0323     2.6792    -0.0005
   20.8712    22.8177     0.0319     2.6792    -0.0004
   20.9781    22.8211     0.0316     2.6791    -0.0004
   21.0881    22.8246     0.0312     2.6791    -0.0004
   21.1982    22.8280     0.0309     2.6790    -0.0004
   21.3083    22.8313     0.0305     2.6790    -0.0004
   21.4183    22.8347     0.0302     2.6789    -0.0004
   21.5319    22.8381     0.0299     2.6789    -0.0004
   21.6454    22.8415     0.0295     2.6788    -0.0004
   21.7589    22.8448     0.0292     2.6788    -0.0004
   21.8724    22.8481     0.0289     2.6787    -0.0004
   21.9893    22.8515     0.0285     2.6787    -0.0004
   22.1063    22.8548     0.0282     2.6787    -0.0004
   22.2232    22.8581     0.0279     2.6786    -0.0004
   22.3401    22.8613     0.0276     2.6786    -0.0004
   22.4607    22.8646     0.0273     2.6785    -0.0004
   22.5813    22.8679     0.0270     2.6785    -0.0004
   22.7019    22.8711     0.0267     2.6784    -0.0004
   22.8225    22.8743     0.0264     2.6784    -0.0004
   22.9470    22.8776     0.0261     2.6783    -0.0004
   23.0715    22.8808     0.0258     2.6783    -0.0004
   23.1961    22.8840     0.0255     2.6782    -0.0004
   23.3206    22.8872     0.0252     2.6782    -0.0004
   23.4490    22.8904     0.0249     2.6782    -0.0004
   23.5775    22.8936     0.0246     2.6781    -0.0003
   23.7060    22.8967     0.0243     2.6781    -0.0003
   23.8344    22.8998     0.0241     2.6780    -0.0003
   23.9670    22.9030     0.0238     2.6780    -0.0003
   24.0995    22.9061     0.0235     2.6779    -0.0003
   24.2321    22.9092     0.0232     2.6779    -0.0003
   24.3646    22.9123     0.0230     2.6778    -0.0003
   24.5017    22.9154     0.0227     2.6778    -0.0003
   24.6388    22.9185     0.0224     2.6778    -0.0003
   24.7759    22.9216     0.0222     2.6777    -0.0003
   24.9130    22.9246     0.0219     2.6777    -0.0003
   24.9348    22.9251     0.0219     2.6777    -0.0003
   24.9565    22.9255     0.0218     2.6777    -0.0003
   24.9783    22.9260     0.0218     2.6777    -0.0003
   25.0000    22.9265     0.0217     2.6776    -0.0003
