t y dy z dz 
    0.0000     0.3396     0.0000     2.9807    -0.0000
    0.0002     0.3396     0.0020     2.9807    -0.0000
    0.0004     0.3396     0.0041     2.9807    -0.0001
    0.0006     0.3396     0.0061     2.9807    -0.0001
    0.0008     0.3396     0.0081     2.9807    -0.0001
    0.0018     0.3396     0.0183     2.9807    -0.0002
    0.0029     0.3397     0.0284     2.9807    -0.0004
    0.0039     0.3397     0.0386     2.9807    -0.0005
    0.0049     0.3397     0.0487     2.9807    -0.0006
    0.0101     0.3401     0.0994     2.9807    -0.0013
    0.0152     0.3408     0.1501     2.9807    -0.0020
    0.0203     0.3417     0.2009     2.9807    -0.0026
    0.0255     0.3428     0.2516     2.9807    -0.0033
    0.0341     0.3453     0.3365     2.9806    -0.0044
    0.0427     0.3486     0.4213     2.9806    -0.0055
    0.0512     0.3526     0.5062     2.9805    -0.0066
    0.0598     0.3573     0.5910     2.9805    -0.0077
    0.0684     0.3627     0.6759     2.9804    -0.0088
    0.0770     0.3689     0.7608     2.9803    -0.0099
    0.0857     0.3758     0.8456     2.9802    -0.0110
    0.0943     0.3835     0.9303     2.9801    -0.0121
    0.1029     0.3919     1.0155     2.9800    -0.0133
    0.1116     0.4010     1.1005     2.9799    -0.0144
    0.1202     0.4109     1.1856     2.9798    -0.0155
    0.1289     0.4215     1.2705     2.9796    -0.0166
    0.1380     0.4336     1.3601     2.9795    -0.0177
    0.1471     0.4464     1.4496     2.9793    -0.0189
    0.1562     0.4600     1.5391     2.9791    -0.0201
    0.1654     0.4745     1.6284     2.9790    -0.0212
    0.1751     0.4908     1.7235     2.9787    -0.0225
    0.1848     0.5081     1.8186     2.9785    -0.0237
    0.1946     0.5262     1.9134     2.9783    -0.0250
    0.2043     0.5453     2.0082     2.9780    -0.0262
    0.2147     0.5667     2.1091     2.9778    -0.0275
    0.2251     0.5892     2.2099     2.9775    -0.0288
    0.2355     0.6127     2.3105     2.9772    -0.0301
    0.2459     0.6372     2.4109     2.9768    -0.0315
    0.2568     0.6639     2.5156     2.9765    -0.0328
    0.2676     0.6918     2.6200     2.9761    -0.0342
    0.2785     0.7208     2.7241     2.9757    -0.0355
    0.2893     0.7510     2.8280     2.9753    -0.0369
    0.3001     0.7821     2.9312     2.9749    -0.0382
    0.3109     0.8143     3.0340     2.9745    -0.0396
    0.3218     0.8477     3.1366     2.9741    -0.0409
    0.3326     0.8821     3.2389     2.9736    -0.0423
    0.3435     0.9183     3.3425     2.9732    -0.0436
    0.3545     0.9556     3.4457     2.9727    -0.0450
    0.3655     0.9940     3.5486     2.9722    -0.0463
    0.3765     1.0335     3.6511     2.9717    -0.0476
    0.3880     1.0761     3.7582     2.9711    -0.0490
    0.3995     1.1200     3.8648     2.9705    -0.0504
    0.4110     1.1651     3.9709     2.9699    -0.0518
    0.4225     1.2114     4.0766     2.9693    -0.0532
    0.4350     1.2628     4.1901     2.9687    -0.0547
    0.4474     1.3155     4.3031     2.9680    -0.0561
    0.4598     1.3697     4.4154     2.9673    -0.0576
    0.4722     1.4252     4.5271     2.9665    -0.0591
    0.4833     1.4758     4.6258     2.9659    -0.0604
    0.4943     1.5274     4.7239     2.9652    -0.0616
    0.5053     1.5800     4.8215     2.9645    -0.0629
    0.5164     1.6338     4.9186     2.9638    -0.0642
    0.5265     1.6841     5.0073     2.9632    -0.0653
    0.5367     1.7354     5.0955     2.9625    -0.0665
    0.5468     1.7875     5.1831     2.9618    -0.0676
    0.5570     1.8406     5.2703     2.9611    -0.0688
    0.5665     1.8913     5.3518     2.9605    -0.0698
    0.5761     1.9427     5.4328     2.9598    -0.0709
    0.5856     1.9950     5.5132     2.9591    -0.0719
    0.5951     2.0480     5.5932     2.9584    -0.0730
    0.6042     2.0992     5.6688     2.9578    -0.0740
    0.6133     2.1510     5.7440     2.9571    -0.0750
    0.6224     2.2036     5.8186     2.9564    -0.0759
    0.6315     2.2568     5.8927     2.9557    -0.0769
    0.6402     2.3084     5.9633     2.9550    -0.0778
    0.6489     2.3607     6.0333     2.9543    -0.0787
    0.6576     2.4135     6.1029     2.9537    -0.0796
    0.6663     2.4670     6.1719     2.9530    -0.0805
    0.6747     2.5188     6.2377     2.9523    -0.0814
    0.6831     2.5713     6.3029     2.9516    -0.0822
    0.6914     2.6242     6.3677     2.9509    -0.0831
    0.6998     2.6777     6.4320     2.9502    -0.0839
    0.7078     2.7299     6.4935     2.9495    -0.0847
    0.7159     2.7826     6.5546     2.9488    -0.0855
    0.7240     2.8357     6.6151     2.9481    -0.0863
    0.7321     2.8894     6.6752     2.9474    -0.0871
    0.7399     2.9419     6.7329     2.9468    -0.0879
    0.7477     2.9948     6.7902     2.9461    -0.0886
    0.7556     3.0482     6.8469     2.9454    -0.0893
    0.7634     3.1021     6.9032     2.9447    -0.0901
    0.7710     3.1549     6.9574     2.9440    -0.0908
    0.7786     3.2082     7.0111     2.9433    -0.0915
    0.7863     3.2618     7.0644     2.9426    -0.0922
    0.7939     3.3159     7.1171     2.9419    -0.0929
    0.8013     3.3690     7.1679     2.9412    -0.0935
    0.8088     3.4225     7.2183     2.9405    -0.0942
    0.8162     3.4763     7.2681     2.9398    -0.0948
    0.8236     3.5305     7.3175     2.9391    -0.0955
    0.8309     3.5837     7.3650     2.9384    -0.0961
    0.8381     3.6373     7.4121     2.9377    -0.0967
    0.8454     3.6912     7.4587     2.9370    -0.0973
    0.8526     3.7455     7.5047     2.9363    -0.0979
    0.8597     3.7988     7.5491     2.9356    -0.0985
    0.8668     3.8524     7.5930     2.9349    -0.0991
    0.8739     3.9063     7.6364     2.9342    -0.0996
    0.8810     3.9605     7.6793     2.9335    -0.1002
    0.8879     4.0139     7.7207     2.9328    -0.1007
    0.8948     4.0675     7.7616     2.9321    -0.1013
    0.9017     4.1215     7.8020     2.9314    -0.1018
    0.9087     4.1757     7.8418     2.9307    -0.1023
    0.9155     4.2290     7.8803     2.9300    -0.1028
    0.9223     4.2827     7.9183     2.9293    -0.1033
    0.9290     4.3366     7.9558     2.9286    -0.1038
    0.9358     4.3907     7.9927     2.9279    -0.1043
    0.9425     4.4441     8.0284     2.9272    -0.1048
    0.9492     4.4977     8.0636     2.9265    -0.1052
    0.9558     4.5515     8.0982     2.9258    -0.1057
    0.9625     4.6056     8.1324     2.9251    -0.1061
    0.9690     4.6590     8.1653     2.9244    -0.1065
    0.9756     4.7125     8.1978     2.9237    -0.1070
    0.9821     4.7663     8.2297     2.9230    -0.1074
    0.9887     4.8203     8.2611     2.9222    -0.1078
    0.9951     4.8736     8.2914     2.9216    -0.1082
    1.0016     4.9272     8.3213     2.9209    -0.1086
    1.0080     4.9809     8.3505     2.9202    -0.1090
    1.0144     5.0348     8.3793     2.9195    -0.1093
    1.0208     5.0881     8.4071     2.9188    -0.1097
    1.0271     5.1415     8.4343     2.9181    -0.1101
    1.0335     5.1952     8.4610     2.9174    -0.1104
    1.0398     5.2490     8.4872     2.9167    -0.1107
    1.0461     5.3023     8.5125     2.9160    -0.1111
    1.0524     5.3557     8.5372     2.9153    -0.1114
    1.0586     5.4093     8.5614     2.9146    -0.1117
    1.0649     5.4630     8.5851     2.9139    -0.1120
    1.0711     5.5162     8.6079     2.9132    -0.1123
    1.0773     5.5696     8.6302     2.9125    -0.1126
    1.0835     5.6231     8.6520     2.9118    -0.1129
    1.0897     5.6768     8.6732     2.9111    -0.1132
    1.0958     5.7300     8.6937     2.9104    -0.1134
    1.1019     5.7834     8.7136     2.9097    -0.1137
    1.1081     5.8368     8.7329     2.9090    -0.1140
    1.1142     5.8904     8.7518     2.9083    -0.1142
    1.1203     5.9436     8.7699     2.9076    -0.1144
    1.1264     5.9970     8.7874     2.9069    -0.1147
    1.1324     6.0504     8.8045     2.9062    -0.1149
    1.1385     6.1040     8.8209     2.9055    -0.1151
    1.1445     6.1572     8.8368     2.9048    -0.1153
    1.1506     6.2106     8.8520     2.9041    -0.1155
    1.1566     6.2640     8.8667     2.9034    -0.1157
    1.1626     6.3176     8.8809     2.9027    -0.1159
    1.1686     6.3709     8.8944     2.9020    -0.1161
    1.1746     6.4243     8.9074     2.9013    -0.1162
    1.1806     6.4778     8.9199     2.9006    -0.1164
    1.1866     6.5313     8.9318     2.8999    -0.1165
    1.1926     6.5847     8.9431     2.8992    -0.1167
    1.1986     6.6382     8.9538     2.8985    -0.1168
    1.2046     6.6918     8.9640     2.8978    -0.1170
    1.2105     6.7454     8.9737     2.8971    -0.1171
    1.2165     6.7990     8.9827     2.8964    -0.1172
    1.2225     6.8526     8.9913     2.8957    -0.1173
    1.2284     6.9062     8.9992     2.8950    -0.1174
    1.2344     6.9600     9.0067     2.8943    -0.1175
    1.2404     7.0137     9.0135     2.8936    -0.1176
    1.2463     7.0675     9.0198     2.8929    -0.1177
    1.2523     7.1214     9.0256     2.8922    -0.1178
    1.2583     7.1753     9.0308     2.8915    -0.1178
    1.2643     7.2293     9.0355     2.8908    -0.1179
    1.2703     7.2834     9.0396     2.8901    -0.1180
    1.2762     7.3375     9.0431     2.8894    -0.1180
    1.2822     7.3916     9.0461     2.8887    -0.1180
    1.2882     7.4460     9.0485     2.8880    -0.1181
    1.2943     7.5005     9.0504     2.8873    -0.1181
    1.3003     7.5549     9.0517     2.8866    -0.1181
    1.3063     7.6094     9.0525     2.8859    -0.1181
    1.3123     7.6643     9.0527     2.8851    -0.1181
    1.3184     7.7192     9.0524     2.8844    -0.1181
    1.3245     7.7741     9.0514     2.8837    -0.1181
    1.3305     7.8290     9.0499     2.8830    -0.1181
    1.3367     7.8846     9.0479     2.8823    -0.1181
    1.3428     7.9401     9.0452     2.8815    -0.1180
    1.3490     7.9956     9.0420     2.8808    -0.1180
    1.3551     8.0511     9.0382     2.8801    -0.1179
    1.3613     8.1075     9.0337     2.8794    -0.1179
    1.3676     8.1639     9.0287     2.8786    -0.1178
    1.3738     8.2202     9.0231     2.8779    -0.1177
    1.3801     8.2765     9.0169     2.8772    -0.1177
    1.3865     8.3341     9.0100     2.8764    -0.1176
    1.3928     8.3916     9.0025     2.8756    -0.1175
    1.3992     8.4490     8.9944     2.8749    -0.1174
    1.4056     8.5064     8.9858     2.8742    -0.1173
    1.4122     8.5656     8.9762     2.8734    -0.1171
    1.4188     8.6246     8.9660     2.8726    -0.1170
    1.4254     8.6836     8.9552     2.8718    -0.1169
    1.4319     8.7425     8.9439     2.8711    -0.1167
    1.4388     8.8039     8.9313     2.8703    -0.1165
    1.4457     8.8652     8.9182     2.8695    -0.1164
    1.4525     8.9264     8.9044     2.8687    -0.1162
    1.4594     8.9875     8.8899     2.8679    -0.1160
    1.4667     9.0525     8.8738     2.8670    -0.1158
    1.4740     9.1174     8.8571     2.8662    -0.1156
    1.4814     9.1822     8.8396     2.8653    -0.1153
    1.4887     9.2468     8.8215     2.8645    -0.1151
    1.4969     9.3188     8.8004     2.8636    -0.1148
    1.5050     9.3907     8.7785     2.8626    -0.1145
    1.5132     9.4623     8.7558     2.8617    -0.1143
    1.5214     9.5338     8.7323     2.8607    -0.1139
    1.5313     9.6199     8.7029     2.8596    -0.1136
    1.5411     9.7057     8.6724     2.8585    -0.1132
    1.5510     9.7912     8.6407     2.8574    -0.1127
    1.5609     9.8763     8.6081     2.8563    -0.1123
    1.5693     9.9486     8.5794     2.8553    -0.1119
    1.5777    10.0207     8.5500     2.8544    -0.1116
    1.5861    10.0925     8.5199     2.8535    -0.1112
    1.5945    10.1640     8.4891     2.8525    -0.1108
    1.6017    10.2249     8.4623     2.8517    -0.1104
    1.6089    10.2856     8.4349     2.8509    -0.1101
    1.6161    10.3461     8.4071     2.8501    -0.1097
    1.6233    10.4064     8.3789     2.8494    -0.1093
    1.6300    10.4624     8.3522     2.8486    -0.1090
    1.6366    10.5182     8.3251     2.8479    -0.1086
    1.6433    10.5737     8.2977     2.8472    -0.1083
    1.6500    10.6291     8.2699     2.8465    -0.1079
    1.6564    10.6820     8.2429     2.8458    -0.1076
    1.6628    10.7346     8.2157     2.8451    -0.1072
    1.6692    10.7871     8.1881     2.8444    -0.1068
    1.6756    10.8395     8.1603     2.8437    -0.1065
    1.6818    10.8900     8.1330     2.8430    -0.1061
    1.6880    10.9404     8.1055     2.8424    -0.1058
    1.6942    10.9906     8.0777     2.8417    -0.1054
    1.7004    11.0406     8.0496     2.8411    -0.1050
    1.7065    11.0894     8.0220     2.8404    -0.1047
    1.7126    11.1380     7.9941     2.8398    -0.1043
    1.7186    11.1864     7.9660     2.8392    -0.1039
    1.7247    11.2346     7.9377     2.8386    -0.1036
    1.7307    11.2819     7.9097     2.8379    -0.1032
    1.7366    11.3290     7.8815     2.8373    -0.1028
    1.7426    11.3759     7.8531     2.8367    -0.1025
    1.7486    11.4227     7.8246     2.8361    -0.1021
    1.7545    11.4687     7.7962     2.8355    -0.1017
    1.7604    11.5145     7.7677     2.8349    -0.1014
    1.7662    11.5602     7.7390     2.8343    -0.1010
    1.7721    11.6057     7.7102     2.8337    -0.1006
    1.7780    11.6506     7.6815     2.8331    -0.1002
    1.7838    11.6953     7.6527     2.8325    -0.0999
    1.7896    11.7399     7.6237     2.8320    -0.0995
    1.7955    11.7843     7.5946     2.8314    -0.0991
    1.8013    11.8283     7.5656     2.8308    -0.0987
    1.8071    11.8721     7.5365     2.8302    -0.0983
    1.8129    11.9158     7.5073     2.8297    -0.0980
    1.8187    11.9592     7.4779     2.8291    -0.0976
    1.8245    12.0024     7.4486     2.8285    -0.0972
    1.8303    12.0454     7.4192     2.8280    -0.0968
    1.8360    12.0882     7.3897     2.8274    -0.0964
    1.8418    12.1308     7.3602     2.8269    -0.0960
    1.8476    12.1732     7.3306     2.8263    -0.0957
    1.8534    12.2155     7.3009     2.8258    -0.0953
    1.8591    12.2576     7.2712     2.8252    -0.0949
    1.8649    12.2995     7.2414     2.8247    -0.0945
    1.8707    12.3412     7.2115     2.8241    -0.0941
    1.8765    12.3828     7.1816     2.8236    -0.0937
    1.8823    12.4243     7.1517     2.8230    -0.0933
    1.8880    12.4655     7.1217     2.8225    -0.0929
    1.8938    12.5067     7.0916     2.8220    -0.0925
    1.8996    12.5477     7.0614     2.8214    -0.0921
    1.9054    12.5886     7.0313     2.8209    -0.0917
    1.9112    12.6292     7.0011     2.8204    -0.0914
    1.9170    12.6699     6.9707     2.8198    -0.0910
    1.9229    12.7104     6.9404     2.8193    -0.0906
    1.9287    12.7508     6.9100     2.8188    -0.0902
    1.9345    12.7909     6.8796     2.8182    -0.0898
    1.9404    12.8312     6.8491     2.8177    -0.0894
    1.9462    12.8712     6.8185     2.8172    -0.0890
    1.9521    12.9111     6.7879     2.8167    -0.0886
    1.9580    12.9508     6.7574     2.8162    -0.0882
    1.9639    12.9906     6.7266     2.8156    -0.0878
    1.9698    13.0303     6.6958     2.8151    -0.0874
    1.9757    13.0698     6.6651     2.8146    -0.0870
    1.9816    13.1091     6.6343     2.8141    -0.0866
    1.9876    13.1486     6.6033     2.8136    -0.0862
    1.9935    13.1879     6.5723     2.8131    -0.0858
    1.9995    13.2271     6.5414     2.8126    -0.0854
    2.0055    13.2660     6.5105     2.8120    -0.0850
    2.0115    13.3053     6.4793     2.8115    -0.0845
    2.0176    13.3443     6.4481     2.8110    -0.0841
    2.0236    13.3832     6.4170     2.8105    -0.0837
    2.0296    13.4219     6.3859     2.8100    -0.0833
    2.0358    13.4609     6.3545     2.8095    -0.0829
    2.0419    13.4997     6.3231     2.8090    -0.0825
    2.0480    13.5383     6.2918     2.8085    -0.0821
    2.0541    13.5768     6.2606     2.8080    -0.0817
    2.0604    13.6156     6.2289     2.8075    -0.0813
    2.0666    13.6543     6.1973     2.8070    -0.0809
    2.0728    13.6927     6.1658     2.8065    -0.0805
    2.0790    13.7310     6.1343     2.8060    -0.0800
    2.0854    13.7697     6.1024     2.8055    -0.0796
    2.0917    13.8083     6.0706     2.8050    -0.0792
    2.0980    13.8466     6.0389     2.8045    -0.0788
    2.1044    13.8848     6.0072     2.8040    -0.0784
    2.1108    13.9235     5.9750     2.8035    -0.0780
    2.1173    13.9620     5.9430     2.8030    -0.0775
    2.1238    14.0004     5.9110     2.8025    -0.0771
    2.1302    14.0385     5.8791     2.8020    -0.0767
    2.1368    14.0773     5.8466     2.8015    -0.0763
    2.1435    14.1158     5.8143     2.8010    -0.0759
    2.1501    14.1542     5.7820     2.8005    -0.0754
    2.1567    14.1923     5.7499     2.8000    -0.0750
    2.1635    14.2313     5.7170     2.7995    -0.0746
    2.1703    14.2700     5.6843     2.7989    -0.0742
    2.1771    14.3085     5.6517     2.7984    -0.0737
    2.1839    14.3468     5.6192     2.7979    -0.0733
    2.1909    14.3860     5.5859     2.7974    -0.0729
    2.1979    14.4250     5.5528     2.7969    -0.0725
    2.2049    14.4638     5.5198     2.7964    -0.0720
    2.2119    14.5023     5.4869     2.7959    -0.0716
    2.2191    14.5420     5.4531     2.7954    -0.0712
    2.2264    14.5814     5.4194     2.7949    -0.0707
    2.2336    14.6206     5.3859     2.7944    -0.0703
    2.2409    14.6596     5.3525     2.7939    -0.0698
    2.2485    14.7000     5.3179     2.7933    -0.0694
    2.2560    14.7401     5.2835     2.7928    -0.0689
    2.2636    14.7800     5.2493     2.7923    -0.0685
    2.2712    14.8196     5.2152     2.7918    -0.0681
    2.2791    14.8610     5.1796     2.7912    -0.0676
    2.2871    14.9022     5.1442     2.7907    -0.0671
    2.2951    14.9431     5.1090     2.7902    -0.0667
    2.3031    14.9837     5.0740     2.7896    -0.0662
    2.3116    15.0269     5.0368     2.7891    -0.0657
    2.3202    15.0698     4.9998     2.7885    -0.0652
    2.3287    15.1124     4.9631     2.7880    -0.0648
    2.3373    15.1547     4.9266     2.7874    -0.0643
    2.3467    15.2011     4.8865     2.7868    -0.0638
    2.3562    15.2472     4.8468     2.7862    -0.0632
    2.3657    15.2928     4.8074     2.7856    -0.0627
    2.3751    15.3382     4.7683     2.7850    -0.0622
    2.3868    15.3935     4.7205     2.7843    -0.0616
    2.3984    15.4482     4.6733     2.7836    -0.0610
    2.4101    15.5025     4.6265     2.7829    -0.0604
    2.4218    15.5561     4.5802     2.7822    -0.0598
    2.4313    15.5998     4.5426     2.7816    -0.0593
    2.4409    15.6431     4.5053     2.7810    -0.0588
    2.4505    15.6860     4.4684     2.7805    -0.0583
    2.4600    15.7286     4.4317     2.7799    -0.0578
    2.4696    15.7708     4.3954     2.7794    -0.0574
    2.4792    15.8127     4.3595     2.7788    -0.0569
    2.4888    15.8543     4.3238     2.7783    -0.0564
    2.4983    15.8955     4.2885     2.7777    -0.0560
    2.5072    15.9335     4.2559     2.7772    -0.0555
    2.5161    15.9713     4.2235     2.7767    -0.0551
    2.5250    16.0088     4.1915     2.7763    -0.0547
    2.5340    16.0460     4.1597     2.7758    -0.0543
    2.5425    16.0812     4.1296     2.7753    -0.0539
    2.5510    16.1162     4.0998     2.7749    -0.0535
    2.5594    16.1509     4.0703     2.7744    -0.0531
    2.5679    16.1854     4.0409     2.7740    -0.0527
    2.5762    16.2186     4.0127     2.7735    -0.0524
    2.5844    16.2515     3.9847     2.7731    -0.0520
    2.5927    16.2843     3.9570     2.7727    -0.0516
    2.6009    16.3168     3.9294     2.7722    -0.0513
    2.6090    16.3484     3.9027     2.7718    -0.0509
    2.6171    16.3798     3.8761     2.7714    -0.0506
    2.6252    16.4110     3.8498     2.7710    -0.0502
    2.6332    16.4420     3.8237     2.7706    -0.0499
    2.6412    16.4723     3.7982     2.7702    -0.0496
    2.6491    16.5024     3.7728     2.7698    -0.0492
    2.6571    16.5323     3.7477     2.7694    -0.0489
    2.6651    16.5621     3.7228     2.7690    -0.0486
    2.6729    16.5913     3.6984     2.7687    -0.0483
    2.6808    16.6203     3.6741     2.7683    -0.0479
    2.6887    16.6491     3.6501     2.7679    -0.0476
    2.6965    16.6777     3.6262     2.7675    -0.0473
    2.7043    16.7059     3.6027     2.7672    -0.0470
    2.7121    16.7339     3.5794     2.7668    -0.0467
    2.7199    16.7618     3.5563     2.7664    -0.0464
    2.7277    16.7895     3.5333     2.7661    -0.0461
    2.7355    16.8168     3.5107     2.7657    -0.0458
    2.7433    16.8440     3.4883     2.7654    -0.0455
    2.7510    16.8709     3.4660     2.7650    -0.0452
    2.7588    16.8978     3.4439     2.7647    -0.0449
    2.7665    16.9243     3.4221     2.7643    -0.0447
    2.7743    16.9507     3.4004     2.7640    -0.0444
    2.7820    16.9769     3.3789     2.7636    -0.0441
    2.7897    17.0029     3.3576     2.7633    -0.0438
    2.7974    17.0287     3.3365     2.7629    -0.0435
    2.8051    17.0544     3.3156     2.7626    -0.0433
    2.8129    17.0799     3.2948     2.7623    -0.0430
    2.8206    17.1052     3.2742     2.7619    -0.0427
    2.8283    17.1304     3.2538     2.7616    -0.0425
    2.8360    17.1553     3.2335     2.7613    -0.0422
    2.8437    17.1802     3.2134     2.7610    -0.0419
    2.8514    17.2049     3.1934     2.7606    -0.0417
    2.8591    17.2294     3.1737     2.7603    -0.0414
    2.8668    17.2538     3.1540     2.7600    -0.0412
    2.8745    17.2780     3.1346     2.7597    -0.0409
    2.8822    17.3020     3.1152     2.7594    -0.0406
    2.8899    17.3260     3.0961     2.7591    -0.0404
    2.8976    17.3498     3.0770     2.7588    -0.0402
    2.9053    17.3734     3.0581     2.7584    -0.0399
    2.9130    17.3969     3.0394     2.7581    -0.0397
    2.9208    17.4203     3.0208     2.7578    -0.0394
    2.9285    17.4436     3.0023     2.7575    -0.0392
    2.9362    17.4667     2.9840     2.7572    -0.0389
    2.9439    17.4897     2.9658     2.7569    -0.0387
    2.9517    17.5126     2.9478     2.7566    -0.0385
    2.9594    17.5353     2.9298     2.7563    -0.0382
    2.9671    17.5579     2.9120     2.7560    -0.0380
    2.9749    17.5804     2.8944     2.7557    -0.0378
    2.9826    17.6028     2.8768     2.7555    -0.0375
    2.9904    17.6250     2.8594     2.7552    -0.0373
    2.9982    17.6472     2.8421     2.7549    -0.0371
    3.0059    17.6692     2.8250     2.7546    -0.0369
    3.0137    17.6911     2.8079     2.7543    -0.0366
    3.0215    17.7129     2.7910     2.7540    -0.0364
    3.0293    17.7346     2.7742     2.7537    -0.0362
    3.0371    17.7561     2.7575     2.7535    -0.0360
    3.0449    17.7776     2.7409     2.7532    -0.0358
    3.0527    17.7990     2.7244     2.7529    -0.0355
    3.0605    17.8202     2.7081     2.7526    -0.0353
    3.0684    17.8413     2.6919     2.7523    -0.0351
    3.0762    17.8624     2.6757     2.7521    -0.0349
    3.0841    17.8833     2.6597     2.7518    -0.0347
    3.0919    17.9042     2.6438     2.7515    -0.0345
    3.0998    17.9249     2.6281     2.7513    -0.0343
    3.1077    17.9455     2.6123     2.7510    -0.0341
    3.1155    17.9661     2.5967     2.7507    -0.0339
    3.1234    17.9865     2.5813     2.7505    -0.0337
    3.1313    18.0068     2.5659     2.7502    -0.0335
    3.1393    18.0271     2.5506     2.7499    -0.0333
    3.1472    18.0473     2.5355     2.7497    -0.0331
    3.1551    18.0673     2.5204     2.7494    -0.0329
    3.1630    18.0872     2.5055     2.7491    -0.0327
    3.1710    18.1072     2.4906     2.7489    -0.0325
    3.1790    18.1270     2.4758     2.7486    -0.0323
    3.1870    18.1466     2.4611     2.7484    -0.0321
    3.1949    18.1662     2.4466     2.7481    -0.0319
    3.2030    18.1858     2.4320     2.7479    -0.0317
    3.2110    18.2052     2.4177     2.7476    -0.0315
    3.2190    18.2245     2.4034     2.7473    -0.0314
    3.2270    18.2437     2.3892     2.7471    -0.0312
    3.2351    18.2630     2.3751     2.7468    -0.0310
    3.2431    18.2821     2.3610     2.7466    -0.0308
    3.2512    18.3010     2.3471     2.7463    -0.0306
    3.2593    18.3199     2.3333     2.7461    -0.0304
    3.2674    18.3388     2.3195     2.7459    -0.0303
    3.2755    18.3576     2.3059     2.7456    -0.0301
    3.2836    18.3762     2.2923     2.7454    -0.0299
    3.2917    18.3948     2.2788     2.7451    -0.0297
    3.2999    18.4134     2.2654     2.7449    -0.0296
    3.3081    18.4318     2.2521     2.7446    -0.0294
    3.3162    18.4501     2.2389     2.7444    -0.0292
    3.3244    18.4684     2.2258     2.7442    -0.0290
    3.3326    18.4866     2.2127     2.7439    -0.0289
    3.3409    18.5048     2.1997     2.7437    -0.0287
    3.3491    18.5228     2.1868     2.7435    -0.0285
    3.3573    18.5407     2.1740     2.7432    -0.0284
    3.3656    18.5587     2.1612     2.7430    -0.0282
    3.3739    18.5765     2.1486     2.7428    -0.0280
    3.3822    18.5943     2.1360     2.7425    -0.0279
    3.3904    18.6119     2.1236     2.7423    -0.0277
    3.3988    18.6296     2.1111     2.7421    -0.0275
    3.4071    18.6471     2.0988     2.7418    -0.0274
    3.4155    18.6646     2.0865     2.7416    -0.0272
    3.4238    18.6819     2.0744     2.7414    -0.0271
    3.4322    18.6993     2.0622     2.7411    -0.0269
    3.4406    18.7166     2.0502     2.7409    -0.0268
    3.4490    18.7337     2.0382     2.7407    -0.0266
    3.4574    18.7508     2.0264     2.7405    -0.0264
    3.4659    18.7679     2.0145     2.7403    -0.0263
    3.4743    18.7849     2.0028     2.7400    -0.0261
    3.4828    18.8018     1.9911     2.7398    -0.0260
    3.4912    18.8186     1.9795     2.7396    -0.0258
    3.4998    18.8354     1.9680     2.7394    -0.0257
    3.5083    18.8522     1.9565     2.7392    -0.0255
    3.5168    18.8688     1.9452     2.7389    -0.0254
    3.5254    18.8853     1.9339     2.7387    -0.0252
    3.5339    18.9019     1.9226     2.7385    -0.0251
    3.5425    18.9184     1.9114     2.7383    -0.0249
    3.5511    18.9348     1.9003     2.7381    -0.0248
    3.5597    18.9510     1.8893     2.7379    -0.0247
    3.5684    18.9674     1.8783     2.7377    -0.0245
    3.5770    18.9836     1.8674     2.7374    -0.0244
    3.5857    18.9997     1.8566     2.7372    -0.0242
    3.5944    19.0157     1.8458     2.7370    -0.0241
    3.6031    19.0318     1.8351     2.7368    -0.0239
    3.6118    19.0478     1.8245     2.7366    -0.0238
    3.6205    19.0637     1.8139     2.7364    -0.0237
    3.6293    19.0794     1.8034     2.7362    -0.0235
    3.6381    19.0953     1.7929     2.7360    -0.0234
    3.6469    19.1110     1.7825     2.7358    -0.0233
    3.6557    19.1266     1.7722     2.7356    -0.0231
    3.6645    19.1422     1.7620     2.7354    -0.0230
    3.6734    19.1578     1.7518     2.7352    -0.0229
    3.6822    19.1733     1.7416     2.7350    -0.0227
    3.6911    19.1887     1.7316     2.7348    -0.0226
    3.7000    19.2040     1.7216     2.7346    -0.0225
    3.7089    19.2194     1.7116     2.7344    -0.0223
    3.7179    19.2346     1.7017     2.7342    -0.0222
    3.7268    19.2498     1.6919     2.7340    -0.0221
    3.7358    19.2649     1.6821     2.7338    -0.0219
    3.7448    19.2800     1.6724     2.7336    -0.0218
    3.7538    19.2951     1.6627     2.7334    -0.0217
    3.7628    19.3100     1.6531     2.7332    -0.0216
    3.7718    19.3249     1.6436     2.7330    -0.0214
    3.7809    19.3398     1.6341     2.7328    -0.0213
    3.7900    19.3546     1.6247     2.7326    -0.0212
    3.7991    19.3694     1.6153     2.7324    -0.0211
    3.8082    19.3840     1.6060     2.7322    -0.0210
    3.8174    19.3987     1.5967     2.7320    -0.0208
    3.8266    19.4133     1.5875     2.7318    -0.0207
    3.8358    19.4279     1.5784     2.7316    -0.0206
    3.8449    19.4423     1.5693     2.7315    -0.0205
    3.8542    19.4568     1.5603     2.7313    -0.0204
    3.8635    19.4712     1.5513     2.7311    -0.0202
    3.8727    19.4855     1.5423     2.7309    -0.0201
    3.8820    19.4998     1.5335     2.7307    -0.0200
    3.8913    19.5140     1.5246     2.7305    -0.0199
    3.9006    19.5282     1.5158     2.7303    -0.0198
    3.9100    19.5423     1.5071     2.7301    -0.0197
    3.9193    19.5564     1.4985     2.7300    -0.0196
    3.9287    19.5705     1.4898     2.7298    -0.0194
    3.9382    19.5844     1.4813     2.7296    -0.0193
    3.9476    19.5984     1.4728     2.7294    -0.0192
    3.9570    19.6122     1.4643     2.7292    -0.0191
    3.9665    19.6261     1.4559     2.7291    -0.0190
    3.9760    19.6399     1.4475     2.7289    -0.0189
    3.9855    19.6536     1.4392     2.7287    -0.0188
    3.9950    19.6672     1.4309     2.7285    -0.0187
    4.0046    19.6809     1.4227     2.7283    -0.0186
    4.0142    19.6945     1.4145     2.7282    -0.0185
    4.0238    19.7081     1.4064     2.7280    -0.0184
    4.0334    19.7215     1.3984     2.7278    -0.0182
    4.0431    19.7350     1.3903     2.7276    -0.0181
    4.0528    19.7484     1.3823     2.7275    -0.0180
    4.0624    19.7618     1.3744     2.7273    -0.0179
    4.0721    19.7750     1.3665     2.7271    -0.0178
    4.0819    19.7883     1.3587     2.7269    -0.0177
    4.0916    19.8016     1.3509     2.7268    -0.0176
    4.1014    19.8147     1.3431     2.7266    -0.0175
    4.1112    19.8278     1.3354     2.7264    -0.0174
    4.1210    19.8409     1.3278     2.7263    -0.0173
    4.1309    19.8540     1.3201     2.7261    -0.0172
    4.1408    19.8670     1.3126     2.7259    -0.0171
    4.1506    19.8799     1.3051     2.7257    -0.0170
    4.1606    19.8928     1.2976     2.7256    -0.0169
    4.1705    19.9057     1.2901     2.7254    -0.0168
    4.1805    19.9185     1.2827     2.7252    -0.0167
    4.1904    19.9312     1.2754     2.7251    -0.0166
    4.2004    19.9440     1.2681     2.7249    -0.0165
    4.2105    19.9567     1.2608     2.7247    -0.0165
    4.2205    19.9693     1.2536     2.7246    -0.0164
    4.2306    19.9818     1.2465     2.7244    -0.0163
    4.2407    19.9944     1.2393     2.7242    -0.0162
    4.2508    20.0070     1.2322     2.7241    -0.0161
    4.2610    20.0194     1.2251     2.7239    -0.0160
    4.2711    20.0318     1.2182     2.7238    -0.0159
    4.2813    20.0442     1.2112     2.7236    -0.0158
    4.2916    20.0566     1.2042     2.7234    -0.0157
    4.3018    20.0689     1.1973     2.7233    -0.0156
    4.3120    20.0811     1.1905     2.7231    -0.0155
    4.3224    20.0933     1.1837     2.7230    -0.0154
    4.3327    20.1055     1.1769     2.7228    -0.0154
    4.3430    20.1177     1.1702     2.7226    -0.0153
    4.3533    20.1297     1.1635     2.7225    -0.0152
    4.3638    20.1418     1.1568     2.7223    -0.0151
    4.3742    20.1538     1.1502     2.7222    -0.0150
    4.3846    20.1658     1.1436     2.7220    -0.0149
    4.3951    20.1777     1.1371     2.7219    -0.0148
    4.4056    20.1896     1.1306     2.7217    -0.0148
    4.4161    20.2015     1.1241     2.7215    -0.0147
    4.4266    20.2133     1.1177     2.7214    -0.0146
    4.4372    20.2250     1.1114     2.7212    -0.0145
    4.4478    20.2368     1.1050     2.7211    -0.0144
    4.4584    20.2485     1.0987     2.7209    -0.0143
    4.4690    20.2601     1.0924     2.7208    -0.0143
    4.4797    20.2717     1.0862     2.7206    -0.0142
    4.4904    20.2833     1.0800     2.7205    -0.0141
    4.5011    20.2949     1.0738     2.7203    -0.0140
    4.5119    20.3064     1.0677     2.7202    -0.0139
    4.5226    20.3178     1.0616     2.7200    -0.0139
    4.5334    20.3293     1.0555     2.7199    -0.0138
    4.5443    20.3407     1.0495     2.7197    -0.0137
    4.5551    20.3520     1.0435     2.7196    -0.0136
    4.5659    20.3633     1.0376     2.7194    -0.0135
    4.5769    20.3746     1.0316     2.7193    -0.0135
    4.5878    20.3859     1.0257     2.7191    -0.0134
    4.5988    20.3971     1.0199     2.7190    -0.0133
    4.6097    20.4082     1.0141     2.7189    -0.0132
    4.6208    20.4194     1.0083     2.7187    -0.0132
    4.6318    20.4305     1.0025     2.7186    -0.0131
    4.6429    20.4415     0.9968     2.7184    -0.0130
    4.6539    20.4525     0.9911     2.7183    -0.0129
    4.6651    20.4635     0.9855     2.7181    -0.0129
    4.6762    20.4745     0.9798     2.7180    -0.0128
    4.6874    20.4854     0.9743     2.7178    -0.0127
    4.6985    20.4962     0.9687     2.7177    -0.0126
    4.7099    20.5072     0.9631     2.7176    -0.0126
    4.7212    20.5180     0.9576     2.7174    -0.0125
    4.7325    20.5288     0.9521     2.7173    -0.0124
    4.7438    20.5396     0.9467     2.7171    -0.0124
    4.7553    20.5504     0.9412     2.7170    -0.0123
    4.7668    20.5612     0.9358     2.7169    -0.0122
    4.7783    20.5719     0.9305     2.7167    -0.0121
    4.7897    20.5826     0.9251     2.7166    -0.0121
    4.8014    20.5933     0.9198     2.7164    -0.0120
    4.8131    20.6040     0.9144     2.7163    -0.0119
    4.8247    20.6146     0.9092     2.7162    -0.0119
    4.8364    20.6252     0.9039     2.7160    -0.0118
    4.8482    20.6359     0.8987     2.7159    -0.0117
    4.8600    20.6465     0.8934     2.7157    -0.0117
    4.8718    20.6570     0.8883     2.7156    -0.0116
    4.8837    20.6675     0.8831     2.7155    -0.0115
    4.8957    20.6780     0.8780     2.7153    -0.0115
    4.9077    20.6885     0.8729     2.7152    -0.0114
    4.9196    20.6990     0.8678     2.7151    -0.0113
    4.9316    20.7094     0.8627     2.7149    -0.0113
    4.9438    20.7198     0.8577     2.7148    -0.0112
    4.9560    20.7303     0.8526     2.7146    -0.0111
    4.9682    20.7406     0.8477     2.7145    -0.0111
    4.9804    20.7509     0.8427     2.7144    -0.0110
    4.9927    20.7613     0.8378     2.7142    -0.0109
    5.0051    20.7716     0.8328     2.7141    -0.0109
    5.0174    20.7819     0.8279     2.7140    -0.0108
    5.0298    20.7921     0.8231     2.7138    -0.0107
    5.0424    20.8024     0.8182     2.7137    -0.0107
    5.0549    20.8126     0.8134     2.7136    -0.0106
    5.0675    20.8228     0.8086     2.7134    -0.0106
    5.0800    20.8329     0.8038     2.7133    -0.0105
    5.0927    20.8431     0.7990     2.7132    -0.0104
    5.1055    20.8533     0.7943     2.7130    -0.0104
    5.1182    20.8634     0.7896     2.7129    -0.0103
    5.1310    20.8734     0.7849     2.7128    -0.0102
    5.1439    20.8835     0.7802     2.7126    -0.0102
    5.1568    20.8936     0.7756     2.7125    -0.0101
    5.1698    20.9036     0.7710     2.7124    -0.0101
    5.1827    20.9135     0.7664     2.7123    -0.0100
    5.1958    20.9236     0.7618     2.7121    -0.0099
    5.2090    20.9335     0.7572     2.7120    -0.0099
    5.2221    20.9434     0.7527     2.7119    -0.0098
    5.2352    20.9533     0.7482     2.7117    -0.0098
    5.2486    20.9633     0.7437     2.7116    -0.0097
    5.2619    20.9731     0.7392     2.7115    -0.0096
    5.2753    20.9830     0.7348     2.7114    -0.0096
    5.2886    20.9927     0.7304     2.7112    -0.0095
    5.3021    21.0026     0.7260     2.7111    -0.0095
    5.3157    21.0124     0.7216     2.7110    -0.0094
    5.3292    21.0222     0.7172     2.7108    -0.0094
    5.3428    21.0318     0.7129     2.7107    -0.0093
    5.3565    21.0416     0.7086     2.7106    -0.0092
    5.3703    21.0513     0.7043     2.7105    -0.0092
    5.3841    21.0610     0.7000     2.7103    -0.0091
    5.3978    21.0706     0.6958     2.7102    -0.0091
    5.4118    21.0803     0.6915     2.7101    -0.0090
    5.4258    21.0899     0.6873     2.7100    -0.0090
    5.4398    21.0995     0.6831     2.7098    -0.0089
    5.4537    21.1090     0.6790     2.7097    -0.0089
    5.4679    21.1187     0.6748     2.7096    -0.0088
    5.4821    21.1282     0.6707     2.7095    -0.0088
    5.4963    21.1377     0.6666     2.7093    -0.0087
    5.5105    21.1471     0.6625     2.7092    -0.0086
    5.5250    21.1567     0.6584     2.7091    -0.0086
    5.5394    21.1661     0.6544     2.7090    -0.0085
    5.5538    21.1756     0.6504     2.7088    -0.0085
    5.5682    21.1849     0.6464     2.7087    -0.0084
    5.5829    21.1944     0.6424     2.7086    -0.0084
    5.5976    21.2037     0.6384     2.7085    -0.0083
    5.6122    21.2131     0.6345     2.7083    -0.0083
    5.6269    21.2223     0.6306     2.7082    -0.0082
    5.6418    21.2317     0.6266     2.7081    -0.0082
    5.6567    21.2410     0.6227     2.7080    -0.0081
    5.6716    21.2503     0.6189     2.7079    -0.0081
    5.6865    21.2595     0.6151     2.7077    -0.0080
    5.7016    21.2687     0.6112     2.7076    -0.0080
    5.7168    21.2780     0.6074     2.7075    -0.0079
    5.7319    21.2871     0.6036     2.7074    -0.0079
    5.7470    21.2962     0.5999     2.7073    -0.0078
    5.7624    21.3055     0.5961     2.7071    -0.0078
    5.7778    21.3146     0.5924     2.7070    -0.0077
    5.7932    21.3237     0.5887     2.7069    -0.0077
    5.8086    21.3327     0.5850     2.7068    -0.0076
    5.8243    21.3418     0.5813     2.7067    -0.0076
    5.8399    21.3509     0.5776     2.7065    -0.0075
    5.8555    21.3599     0.5740     2.7064    -0.0075
    5.8712    21.3689     0.5704     2.7063    -0.0074
    5.8871    21.3779     0.5668     2.7062    -0.0074
    5.9030    21.3869     0.5632     2.7061    -0.0073
    5.9189    21.3958     0.5596     2.7060    -0.0073
    5.9348    21.4047     0.5561     2.7058    -0.0073
    5.9510    21.4137     0.5526     2.7057    -0.0072
    5.9671    21.4226     0.5490     2.7056    -0.0072
    5.9833    21.4314     0.5456     2.7055    -0.0071
    5.9995    21.4402     0.5421     2.7054    -0.0071
    6.0159    21.4491     0.5386     2.7053    -0.0070
    6.0324    21.4579     0.5352     2.7052    -0.0070
    6.0488    21.4667     0.5318     2.7050    -0.0069
    6.0653    21.4754     0.5284     2.7049    -0.0069
    6.0820    21.4842     0.5250     2.7048    -0.0069
    6.0987    21.4930     0.5216     2.7047    -0.0068
    6.1154    21.5017     0.5183     2.7046    -0.0068
    6.1322    21.5103     0.5150     2.7045    -0.0067
    6.1492    21.5190     0.5116     2.7044    -0.0067
    6.1662    21.5277     0.5083     2.7042    -0.0066
    6.1832    21.5363     0.5050     2.7041    -0.0066
    6.2002    21.5449     0.5018     2.7040    -0.0065
    6.2175    21.5535     0.4985     2.7039    -0.0065
    6.2348    21.5621     0.4953     2.7038    -0.0065
    6.2521    21.5707     0.4921     2.7037    -0.0064
    6.2694    21.5792     0.4889     2.7036    -0.0064
    6.2870    21.5877     0.4857     2.7035    -0.0063
    6.3046    21.5963     0.4826     2.7033    -0.0063
    6.3222    21.6047     0.4794     2.7032    -0.0063
    6.3398    21.6131     0.4763     2.7031    -0.0062
    6.3577    21.6216     0.4732     2.7030    -0.0062
    6.3756    21.6301     0.4701     2.7029    -0.0061
    6.3935    21.6385     0.4670     2.7028    -0.0061
    6.4114    21.6468     0.4640     2.7027    -0.0061
    6.4296    21.6552     0.4609     2.7026    -0.0060
    6.4478    21.6636     0.4579     2.7025    -0.0060
    6.4660    21.6719     0.4548     2.7024    -0.0059
    6.4842    21.6802     0.4519     2.7023    -0.0059
    6.5028    21.6885     0.4489     2.7021    -0.0059
    6.5213    21.6968     0.4459     2.7020    -0.0058
    6.5399    21.7050     0.4430     2.7019    -0.0058
    6.5584    21.7132     0.4400     2.7018    -0.0057
    6.5773    21.7215     0.4371     2.7017    -0.0057
    6.5961    21.7297     0.4342     2.7016    -0.0057
    6.6150    21.7379     0.4313     2.7015    -0.0056
    6.6338    21.7460     0.4285     2.7014    -0.0056
    6.6530    21.7542     0.4256     2.7013    -0.0056
    6.6722    21.7623     0.4227     2.7012    -0.0055
    6.6914    21.7704     0.4199     2.7011    -0.0055
    6.7106    21.7784     0.4171     2.7010    -0.0054
    6.7302    21.7866     0.4143     2.7009    -0.0054
    6.7497    21.7946     0.4115     2.7008    -0.0054
    6.7693    21.8027     0.4088     2.7007    -0.0053
    6.7888    21.8106     0.4060     2.7006    -0.0053
    6.8087    21.8187     0.4033     2.7004    -0.0053
    6.8286    21.8267     0.4006     2.7003    -0.0052
    6.8485    21.8346     0.3979     2.7002    -0.0052
    6.8684    21.8425     0.3952     2.7001    -0.0052
    6.8887    21.8505     0.3925     2.7000    -0.0051
    6.9089    21.8584     0.3898     2.6999    -0.0051
    6.9292    21.8663     0.3872     2.6998    -0.0051
    6.9494    21.8741     0.3846     2.6997    -0.0050
    6.9701    21.8820     0.3819     2.6996    -0.0050
    6.9907    21.8898     0.3793     2.6995    -0.0049
    7.0113    21.8976     0.3768     2.6994    -0.0049
    7.0319    21.9054     0.3742     2.6993    -0.0049
    7.0529    21.9132     0.3716     2.6992    -0.0048
    7.0740    21.9210     0.3691     2.6991    -0.0048
    7.0950    21.9287     0.3665     2.6990    -0.0048
    7.1160    21.9364     0.3640     2.6989    -0.0048
    7.1374    21.9442     0.3615     2.6988    -0.0047
    7.1588    21.9519     0.3590     2.6987    -0.0047
    7.1801    21.9595     0.3566     2.6986    -0.0047
    7.2015    21.9671     0.3541     2.6985    -0.0046
    7.2233    21.9748     0.3516     2.6984    -0.0046
    7.2451    21.9824     0.3492     2.6983    -0.0046
    7.2669    21.9900     0.3468     2.6982    -0.0045
    7.2887    21.9976     0.3444     2.6981    -0.0045
    7.3109    22.0052     0.3420     2.6980    -0.0045
    7.3331    22.0127     0.3396     2.6979    -0.0044
    7.3553    22.0203     0.3372     2.6978    -0.0044
    7.3775    22.0277     0.3349     2.6977    -0.0044
    7.4001    22.0353     0.3325     2.6976    -0.0043
    7.4227    22.0428     0.3302     2.6975    -0.0043
    7.4453    22.0502     0.3279     2.6974    -0.0043
    7.4680    22.0576     0.3256     2.6973    -0.0042
    7.4910    22.0651     0.3233     2.6972    -0.0042
    7.5141    22.0725     0.3210     2.6971    -0.0042
    7.5371    22.0799     0.3188     2.6970    -0.0042
    7.5601    22.0872     0.3166     2.6969    -0.0041
    7.5836    22.0946     0.3143     2.6968    -0.0041
    7.6071    22.1020     0.3121     2.6967    -0.0041
    7.6306    22.1093     0.3099     2.6967    -0.0040
    7.6541    22.1165     0.3077     2.6966    -0.0040
    7.6780    22.1238     0.3055     2.6965    -0.0040
    7.7020    22.1311     0.3033     2.6964    -0.0040
    7.7259    22.1384     0.3012     2.6963    -0.0039
    7.7498    22.1455     0.2990     2.6962    -0.0039
    7.7742    22.1528     0.2969     2.6961    -0.0039
    7.7986    22.1600     0.2947     2.6960    -0.0038
    7.8230    22.1672     0.2926     2.6959    -0.0038
    7.8474    22.1743     0.2906     2.6958    -0.0038
    7.8723    22.1815     0.2885     2.6957    -0.0038
    7.8971    22.1887     0.2864     2.6956    -0.0037
    7.9220    22.1958     0.2843     2.6955    -0.0037
    7.9469    22.2028     0.2823     2.6954    -0.0037
    7.9722    22.2099     0.2802     2.6953    -0.0037
    7.9976    22.2170     0.2782     2.6952    -0.0036
    8.0230    22.2240     0.2762     2.6952    -0.0036
    8.0483    22.2310     0.2742     2.6951    -0.0036
    8.0742    22.2381     0.2722     2.6950    -0.0036
    8.1000    22.2451     0.2702     2.6949    -0.0035
    8.1259    22.2521     0.2682     2.6948    -0.0035
    8.1517    22.2590     0.2663     2.6947    -0.0035
    8.1781    22.2660     0.2643     2.6946    -0.0034
    8.2045    22.2729     0.2624     2.6945    -0.0034
    8.2308    22.2798     0.2605     2.6944    -0.0034
    8.2572    22.2866     0.2586     2.6943    -0.0034
    8.2841    22.2936     0.2567     2.6942    -0.0033
    8.3110    22.3005     0.2548     2.6942    -0.0033
    8.3379    22.3073     0.2529     2.6941    -0.0033
    8.3648    22.3141     0.2511     2.6940    -0.0033
    8.3922    22.3209     0.2492     2.6939    -0.0033
    8.4196    22.3277     0.2474     2.6938    -0.0032
    8.4471    22.3345     0.2455     2.6937    -0.0032
    8.4745    22.3412     0.2437     2.6936    -0.0032
    8.5025    22.3480     0.2419     2.6935    -0.0032
    8.5305    22.3547     0.2401     2.6935    -0.0031
    8.5585    22.3614     0.2383     2.6934    -0.0031
    8.5865    22.3681     0.2365     2.6933    -0.0031
    8.6150    22.3748     0.2348     2.6932    -0.0031
    8.6436    22.3815     0.2330     2.6931    -0.0030
    8.6721    22.3881     0.2313     2.6930    -0.0030
    8.7007    22.3947     0.2295     2.6929    -0.0030
    8.7298    22.4014     0.2278     2.6928    -0.0030
    8.7590    22.4080     0.2261     2.6928    -0.0030
    8.7881    22.4145     0.2244     2.6927    -0.0029
    8.8172    22.4210     0.2227     2.6926    -0.0029
    8.8470    22.4276     0.2210     2.6925    -0.0029
    8.8767    22.4342     0.2193     2.6924    -0.0029
    8.9065    22.4407     0.2177     2.6923    -0.0028
    8.9362    22.4471     0.2160     2.6922    -0.0028
    8.9665    22.4537     0.2144     2.6922    -0.0028
    8.9969    22.4602     0.2127     2.6921    -0.0028
    9.0273    22.4666     0.2111     2.6920    -0.0028
    9.0576    22.4730     0.2095     2.6919    -0.0027
    9.0886    22.4794     0.2079     2.6918    -0.0027
    9.1196    22.4859     0.2063     2.6917    -0.0027
    9.1506    22.4922     0.2047     2.6917    -0.0027
    9.1816    22.4985     0.2032     2.6916    -0.0027
    9.2132    22.5049     0.2016     2.6915    -0.0026
    9.2448    22.5113     0.2000     2.6914    -0.0026
    9.2765    22.5176     0.1985     2.6913    -0.0026
    9.3081    22.5239     0.1970     2.6912    -0.0026
    9.3404    22.5302     0.1955     2.6912    -0.0026
    9.3727    22.5365     0.1939     2.6911    -0.0025
    9.4050    22.5427     0.1924     2.6910    -0.0025
    9.4373    22.5489     0.1909     2.6909    -0.0025
    9.4703    22.5552     0.1894     2.6908    -0.0025
    9.5033    22.5614     0.1880     2.6908    -0.0025
    9.5363    22.5676     0.1865     2.6907    -0.0024
    9.5693    22.5737     0.1851     2.6906    -0.0024
    9.6030    22.5799     0.1836     2.6905    -0.0024
    9.6367    22.5861     0.1822     2.6904    -0.0024
    9.6704    22.5922     0.1807     2.6904    -0.0024
    9.7041    22.5983     0.1793     2.6903    -0.0023
    9.7385    22.6044     0.1779     2.6902    -0.0023
    9.7730    22.6105     0.1765     2.6901    -0.0023
    9.8074    22.6166     0.1751     2.6900    -0.0023
    9.8418    22.6226     0.1737     2.6900    -0.0023
    9.8770    22.6287     0.1723     2.6899    -0.0022
    9.9122    22.6347     0.1710     2.6898    -0.0022
    9.9473    22.6407     0.1696     2.6897    -0.0022
    9.9825    22.6466     0.1683     2.6896    -0.0022
   10.0184    22.6527     0.1669     2.6896    -0.0022
   10.0544    22.6586     0.1656     2.6895    -0.0022
   10.0903    22.6646     0.1643     2.6894    -0.0021
   10.1263    22.6705     0.1630     2.6893    -0.0021
   10.1630    22.6764     0.1616     2.6893    -0.0021
   10.1997    22.6823     0.1603     2.6892    -0.0021
   10.2365    22.6882     0.1590     2.6891    -0.0021
   10.2732    22.6940     0.1578     2.6890    -0.0021
   10.3107    22.6999     0.1565     2.6889    -0.0020
   10.3483    22.7058     0.1552     2.6889    -0.0020
   10.3858    22.7116     0.1540     2.6888    -0.0020
   10.4234    22.7173     0.1527     2.6887    -0.0020
   10.4618    22.7232     0.1515     2.6886    -0.0020
   10.5002    22.7290     0.1502     2.6886    -0.0020
   10.5385    22.7347     0.1490     2.6885    -0.0019
   10.5769    22.7404     0.1478     2.6884    -0.0019
   10.6162    22.7462     0.1466     2.6883    -0.0019
   10.6554    22.7519     0.1454     2.6883    -0.0019
   10.6947    22.7576     0.1442     2.6882    -0.0019
   10.7339    22.7632     0.1430     2.6881    -0.0019
   10.7740    22.7689     0.1418     2.6880    -0.0019
   10.8142    22.7746     0.1407     2.6880    -0.0018
   10.8543    22.7802     0.1395     2.6879    -0.0018
   10.8944    22.7858     0.1384     2.6878    -0.0018
   10.9355    22.7915     0.1372     2.6878    -0.0018
   10.9765    22.7971     0.1361     2.6877    -0.0018
   11.0175    22.8026     0.1349     2.6876    -0.0018
   11.0586    22.8081     0.1338     2.6875    -0.0017
   11.1006    22.8137     0.1327     2.6875    -0.0017
   11.1426    22.8193     0.1316     2.6874    -0.0017
   11.1845    22.8248     0.1305     2.6873    -0.0017
   11.2265    22.8302     0.1294     2.6872    -0.0017
   11.2695    22.8358     0.1283     2.6872    -0.0017
   11.3124    22.8413     0.1272     2.6871    -0.0017
   11.3554    22.8467     0.1262     2.6870    -0.0016
   11.3984    22.8521     0.1251     2.6870    -0.0016
   11.4423    22.8576     0.1240     2.6869    -0.0016
   11.4863    22.8630     0.1230     2.6868    -0.0016
   11.5302    22.8684     0.1220     2.6867    -0.0016
   11.5742    22.8737     0.1209     2.6867    -0.0016
   11.6191    22.8791     0.1199     2.6866    -0.0016
   11.6641    22.8845     0.1189     2.6865    -0.0016
   11.7091    22.8898     0.1179     2.6865    -0.0015
   11.7541    22.8951     0.1169     2.6864    -0.0015
   11.8001    22.9005     0.1159     2.6863    -0.0015
   11.8462    22.9058     0.1149     2.6863    -0.0015
   11.8922    22.9111     0.1139     2.6862    -0.0015
   11.9382    22.9163     0.1129     2.6861    -0.0015
   11.9854    22.9216     0.1119     2.6861    -0.0015
   12.0325    22.9268     0.1110     2.6860    -0.0014
   12.0796    22.9320     0.1100     2.6859    -0.0014
   12.1268    22.9372     0.1091     2.6859    -0.0014
   12.1750    22.9424     0.1081     2.6858    -0.0014
   12.2233    22.9476     0.1072     2.6857    -0.0014
   12.2715    22.9528     0.1062     2.6856    -0.0014
   12.3198    22.9579     0.1053     2.6856    -0.0014
   12.3692    22.9631     0.1044     2.6855    -0.0014
   12.4186    22.9682     0.1035     2.6854    -0.0014
   12.4681    22.9733     0.1026     2.6854    -0.0013
   12.5175    22.9783     0.1017     2.6853    -0.0013
   12.5681    22.9835     0.1008     2.6852    -0.0013
   12.6187    22.9885     0.0999     2.6852    -0.0013
   12.6694    22.9936     0.0990     2.6851    -0.0013
   12.7200    22.9986     0.0981     2.6851    -0.0013
   12.7718    23.0036     0.0973     2.6850    -0.0013
   12.8237    23.0087     0.0964     2.6849    -0.0013
   12.8756    23.0136     0.0956     2.6849    -0.0012
   12.9274    23.0186     0.0947     2.6848    -0.0012
   12.9806    23.0236     0.0939     2.6847    -0.0012
   13.0337    23.0285     0.0930     2.6847    -0.0012
   13.0868    23.0335     0.0922     2.6846    -0.0012
   13.1399    23.0383     0.0914     2.6845    -0.0012
   13.1944    23.0433     0.0905     2.6845    -0.0012
   13.2488    23.0482     0.0897     2.6844    -0.0012
   13.3033    23.0531     0.0889     2.6843    -0.0012
   13.3578    23.0579     0.0881     2.6843    -0.0011
   13.4136    23.0628     0.0873     2.6842    -0.0011
   13.4694    23.0676     0.0865     2.6841    -0.0011
   13.5252    23.0724     0.0858     2.6841    -0.0011
   13.5810    23.0772     0.0850     2.6840    -0.0011
   13.6382    23.0820     0.0842     2.6840    -0.0011
   13.6954    23.0868     0.0834     2.6839    -0.0011
   13.7527    23.0916     0.0827     2.6838    -0.0011
   13.8099    23.0963     0.0819     2.6838    -0.0011
   13.8686    23.1011     0.0812     2.6837    -0.0011
   13.9272    23.1058     0.0804     2.6837    -0.0010
   13.9859    23.1105     0.0797     2.6836    -0.0010
   14.0446    23.1152     0.0790     2.6835    -0.0010
   14.1047    23.1199     0.0782     2.6835    -0.0010
   14.1649    23.1246     0.0775     2.6834    -0.0010
   14.2251    23.1292     0.0768     2.6833    -0.0010
   14.2852    23.1338     0.0761     2.6833    -0.0010
   14.3469    23.1385     0.0754     2.6832    -0.0010
   14.4087    23.1431     0.0747     2.6832    -0.0010
   14.4704    23.1477     0.0740     2.6831    -0.0010
   14.5321    23.1523     0.0733     2.6830    -0.0010
   14.5954    23.1569     0.0726     2.6830    -0.0009
   14.6587    23.1615     0.0719     2.6829    -0.0009
   14.7220    23.1660     0.0712     2.6829    -0.0009
   14.7854    23.1705     0.0706     2.6828    -0.0009
   14.8503    23.1750     0.0699     2.6827    -0.0009
   14.9153    23.1796     0.0692     2.6827    -0.0009
   14.9802    23.1840     0.0686     2.6826    -0.0009
   15.0451    23.1885     0.0679     2.6826    -0.0009
   15.1118    23.1930     0.0673     2.6825    -0.0009
   15.1785    23.1974     0.0666     2.6825    -0.0009
   15.2452    23.2019     0.0660     2.6824    -0.0009
   15.3118    23.2062     0.0654     2.6823    -0.0009
   15.3803    23.2107     0.0648     2.6823    -0.0008
   15.4487    23.2151     0.0641     2.6822    -0.0008
   15.5172    23.2195     0.0635     2.6822    -0.0008
   15.5856    23.2238     0.0629     2.6821    -0.0008
   15.6559    23.2282     0.0623     2.6821    -0.0008
   15.7261    23.2326     0.0617     2.6820    -0.0008
   15.7964    23.2369     0.0611     2.6819    -0.0008
   15.8666    23.2411     0.0605     2.6819    -0.0008
   15.9388    23.2455     0.0599     2.6818    -0.0008
   16.0110    23.2498     0.0593     2.6818    -0.0008
   16.0831    23.2541     0.0588     2.6817    -0.0008
   16.1553    23.2583     0.0582     2.6817    -0.0008
   16.2294    23.2626     0.0576     2.6816    -0.0008
   16.3036    23.2668     0.0571     2.6816    -0.0007
   16.3777    23.2710     0.0565     2.6815    -0.0007
   16.4518    23.2752     0.0560     2.6814    -0.0007
   16.5280    23.2794     0.0554     2.6814    -0.0007
   16.6042    23.2836     0.0548     2.6813    -0.0007
   16.6803    23.2878     0.0543     2.6813    -0.0007
   16.7565    23.2919     0.0538     2.6812    -0.0007
   16.8348    23.2961     0.0532     2.6812    -0.0007
   16.9131    23.3002     0.0527     2.6811    -0.0007
   16.9914    23.3043     0.0522     2.6811    -0.0007
   17.0697    23.3084     0.0517     2.6810    -0.0007
   17.1502    23.3126     0.0511     2.6810    -0.0007
   17.2306    23.3166     0.0506     2.6809    -0.0007
   17.3111    23.3207     0.0501     2.6808    -0.0007
   17.3915    23.3247     0.0496     2.6808    -0.0006
   17.4742    23.3288     0.0491     2.6807    -0.0006
   17.5569    23.3328     0.0486     2.6807    -0.0006
   17.6396    23.3368     0.0481     2.6806    -0.0006
   17.7224    23.3408     0.0476     2.6806    -0.0006
   17.8074    23.3448     0.0472     2.6805    -0.0006
   17.8924    23.3488     0.0467     2.6805    -0.0006
   17.9774    23.3528     0.0462     2.6804    -0.0006
   18.0624    23.3567     0.0457     2.6804    -0.0006
   18.1498    23.3606     0.0453     2.6803    -0.0006
   18.2372    23.3646     0.0448     2.6803    -0.0006
   18.3246    23.3685     0.0443     2.6802    -0.0006
   18.4121    23.3723     0.0439     2.6802    -0.0006
   18.5021    23.3763     0.0434     2.6801    -0.0006
   18.5921    23.3801     0.0430     2.6801    -0.0006
   18.6820    23.3840     0.0425     2.6800    -0.0006
   18.7720    23.3878     0.0421     2.6800    -0.0005
   18.8647    23.3917     0.0417     2.6799    -0.0005
   18.9573    23.3955     0.0412     2.6799    -0.0005
   19.0499    23.3993     0.0408     2.6798    -0.0005
   19.1425    23.4031     0.0404     2.6798    -0.0005
   19.2377    23.4069     0.0399     2.6797    -0.0005
   19.3330    23.4107     0.0395     2.6797    -0.0005
   19.4283    23.4144     0.0391     2.6796    -0.0005
   19.5235    23.4181     0.0387     2.6796    -0.0005
   19.6216    23.4219     0.0383     2.6795    -0.0005
   19.7197    23.4256     0.0379     2.6795    -0.0005
   19.8178    23.4293     0.0375     2.6794    -0.0005
   19.9159    23.4330     0.0371     2.6794    -0.0005
   20.0169    23.4367     0.0367     2.6793    -0.0005
   20.1179    23.4404     0.0363     2.6793    -0.0005
   20.2189    23.4440     0.0359     2.6792    -0.0005
   20.3199    23.4477     0.0355     2.6792    -0.0005
   20.4239    23.4513     0.0351     2.6791    -0.0005
   20.5279    23.4550     0.0348     2.6791    -0.0005
   20.6319    23.4586     0.0344     2.6790    -0.0004
   20.7360    23.4621     0.0340     2.6790    -0.0004
   20.8431    23.4657     0.0336     2.6790    -0.0004
   20.9503    23.4693     0.0333     2.6789    -0.0004
   21.0575    23.4729     0.0329     2.6789    -0.0004
   21.1647    23.4764     0.0326     2.6788    -0.0004
   21.2751    23.4800     0.0322     2.6788    -0.0004
   21.3856    23.4835     0.0318     2.6787    -0.0004
   21.4960    23.4870     0.0315     2.6787    -0.0004
   21.6065    23.4905     0.0312     2.6786    -0.0004
   21.7203    23.4940     0.0308     2.6786    -0.0004
   21.8341    23.4975     0.0305     2.6785    -0.0004
   21.9479    23.5009     0.0301     2.6785    -0.0004
   22.0617    23.5043     0.0298     2.6785    -0.0004
   22.1791    23.5078     0.0295     2.6784    -0.0004
   22.2965    23.5112     0.0291     2.6784    -0.0004
   22.4138    23.5146     0.0288     2.6783    -0.0004
   22.5312    23.5180     0.0285     2.6783    -0.0004
   22.6524    23.5214     0.0282     2.6782    -0.0004
   22.7735    23.5248     0.0279     2.6782    -0.0004
   22.8946    23.5282     0.0275     2.6781    -0.0004
   23.0158    23.5315     0.0272     2.6781    -0.0004
   23.1408    23.5349     0.0269     2.6781    -0.0004
   23.2658    23.5382     0.0266     2.6780    -0.0003
   23.3908    23.5415     0.0263     2.6780    -0.0003
   23.5157    23.5448     0.0260     2.6779    -0.0003
   23.6447    23.5481     0.0257     2.6779    -0.0003
   23.7737    23.5514     0.0254     2.6778    -0.0003
   23.9027    23.5547     0.0251     2.6778    -0.0003
   24.0316    23.5579     0.0248     2.6778    -0.0003
   24.1648    23.5612     0.0246     2.6777    -0.0003
   24.2979    23.5645     0.0243     2.6777    -0.0003
   24.4311    23.5677     0.0240     2.6776    -0.0003
   24.5643    23.5709     0.0237     2.6776    -0.0003
   24.6732    23.5734     0.0235     2.6775    -0.0003
   24.7821    23.5760     0.0233     2.6775    -0.0003
   24.8911    23.5785     0.0231     2.6775    -0.0003
   25.0000    23.5810     0.0228     2.6775    -0.0003
