t y dy z dz 
    0.0000     0.0504     0.0000     2.9039     0.0000
    0.0001     0.0504     0.0013     2.9039    -0.0000
    0.0003     0.0504     0.0025     2.9039    -0.0000
    0.0004     0.0504     0.0038     2.9039    -0.0000
    0.0005     0.0504     0.0050     2.9039    -0.0001
    0.0011     0.0504     0.0114     2.9039    -0.0001
    0.0018     0.0504     0.0177     2.9039    -0.0002
    0.0024     0.0504     0.0240     2.9039    -0.0003
    0.0031     0.0504     0.0303     2.9039    -0.0004
    0.0062     0.0506     0.0618     2.9039    -0.0008
    0.0094     0.0508     0.0934     2.9039    -0.0012
    0.0126     0.0512     0.1249     2.9039    -0.0016
    0.0158     0.0516     0.1565     2.9039    -0.0021
    0.0317     0.0553     0.3142     2.9039    -0.0041
    0.0475     0.0616     0.4718     2.9038    -0.0062
    0.0634     0.0703     0.6295     2.9037    -0.0083
    0.0793     0.0816     0.7870     2.9035    -0.0104
    0.1377     0.1444     1.3646     2.9027    -0.0180
    0.1960     0.2408     1.9404     2.9014    -0.0255
    0.2543     0.3707     2.5135     2.8997    -0.0331
    0.3126     0.5339     3.0831     2.8976    -0.0406
    0.3730     0.7376     3.6676     2.8949    -0.0482
    0.4333     0.9763     4.2465     2.8918    -0.0559
    0.4936     1.2498     4.8185     2.8882    -0.0634
    0.5540     1.5575     5.3826     2.8841    -0.0708
    0.6210     1.9393     5.9989     2.8791    -0.0789
    0.6881     2.3621     6.6017     2.8735    -0.0868
    0.7552     2.8248     7.1887     2.8674    -0.0946
    0.8223     3.3262     7.7576     2.8608    -0.1021
    0.8965     3.9248     8.3627     2.8530    -0.1100
    0.9708     4.5673     8.9378     2.8445    -0.1176
    1.0450     5.2512     9.4781     2.8355    -0.1247
    1.1193     5.9737     9.9782     2.8260    -0.1313
    1.1682     6.4698    10.2830     2.8195    -0.1353
    1.2172     6.9803    10.5656     2.8128    -0.1390
    1.2662     7.5040    10.8241     2.8059    -0.1424
    1.3151     8.0398    11.0562     2.7988    -0.1454
    1.3641     8.5862    11.2596     2.7916    -0.1481
    1.4131     9.1419    11.4321     2.7843    -0.1504
    1.4620     9.7052    11.5711     2.7769    -0.1522
    1.5110    10.2744    11.6743     2.7694    -0.1536
    1.5533    10.7693    11.7329     2.7629    -0.1543
    1.5955    11.2660    11.7618     2.7564    -0.1547
    1.6378    11.7633    11.7597     2.7499    -0.1547
    1.6801    12.2598    11.7256     2.7433    -0.1542
    1.7170    12.6920    11.6690     2.7376    -0.1535
    1.7540    13.1217    11.5870     2.7320    -0.1524
    1.7909    13.5478    11.4795     2.7264    -0.1510
    1.8278    13.9695    11.3467     2.7208    -0.1493
    1.8628    14.3637    11.1980     2.7156    -0.1473
    1.8978    14.7522    11.0274     2.7105    -0.1451
    1.9327    15.1345    10.8358     2.7055    -0.1425
    1.9677    15.5097    10.6241     2.7006    -0.1398
    2.0045    15.8966    10.3807     2.6955    -0.1366
    2.0414    16.2741    10.1180     2.6905    -0.1331
    2.0782    16.6417     9.8380     2.6857    -0.1294
    2.1150    16.9987     9.5427     2.6810    -0.1255
    2.1443    17.2742     9.2988     2.6774    -0.1223
    2.1735    17.5424     9.0478     2.6738    -0.1190
    2.2027    17.8032     8.7910     2.6704    -0.1156
    2.2320    18.0564     8.5295     2.6671    -0.1122
    2.2612    18.3020     8.2644     2.6638    -0.1087
    2.2905    18.5397     7.9969     2.6607    -0.1052
    2.3197    18.7696     7.7282     2.6577    -0.1017
    2.3489    18.9916     7.4593     2.6548    -0.0981
    2.3761    19.1907     7.2103     2.6521    -0.0949
    2.4032    19.3831     6.9628     2.6496    -0.0916
    2.4304    19.5688     6.7175     2.6472    -0.0884
    2.4575    19.7478     6.4750     2.6448    -0.0852
    2.4834    19.9126     6.2467     2.6426    -0.0822
    2.5093    20.0715     6.0220     2.6406    -0.0792
    2.5352    20.2246     5.8012     2.6385    -0.0763
    2.5611    20.3721     5.5847     2.6366    -0.0735
    2.5868    20.5128     5.3747     2.6348    -0.0707
    2.6125    20.6481     5.1695     2.6330    -0.0680
    2.6382    20.7783     4.9693     2.6313    -0.0654
    2.6638    20.9033     4.7743     2.6296    -0.0628
    2.6899    21.0253     4.5816     2.6280    -0.0603
    2.7160    21.1424     4.3945     2.6265    -0.0578
    2.7421    21.2546     4.2131     2.6250    -0.0554
    2.7682    21.3622     4.0373     2.6236    -0.0531
    2.7952    21.4690     3.8611     2.6222    -0.0508
    2.8223    21.5711     3.6910     2.6208    -0.0486
    2.8493    21.6687     3.5269     2.6195    -0.0464
    2.8764    21.7620     3.3690     2.6183    -0.0443
    2.9051    21.8564     3.2078     2.6171    -0.0422
    2.9338    21.9463     3.0531     2.6159    -0.0402
    2.9625    22.0319     2.9050     2.6148    -0.0382
    2.9912    22.1132     2.7631     2.6137    -0.0363
    3.0228    22.1981     2.6142     2.6126    -0.0344
    3.0544    22.2784     2.4725     2.6115    -0.0325
    3.0860    22.3543     2.3377     2.6105    -0.0308
    3.1176    22.4261     2.2096     2.6096    -0.0291
    3.1556    22.5073     2.0640     2.6085    -0.0272
    3.1936    22.5832     1.9272     2.6075    -0.0254
    3.2316    22.6540     1.7990     2.6066    -0.0237
    3.2696    22.7201     1.6787     2.6057    -0.0221
    3.3030    22.7744     1.5795     2.6050    -0.0208
    3.3364    22.8255     1.4858     2.6043    -0.0195
    3.3697    22.8736     1.3975     2.6037    -0.0184
    3.4031    22.9189     1.3141     2.6031    -0.0173
    3.4365    22.9614     1.2356     2.6025    -0.0163
    3.4698    23.0014     1.1615     2.6020    -0.0153
    3.5032    23.0389     1.0918     2.6015    -0.0144
    3.5366    23.0743     1.0261     2.6011    -0.0135
    3.5676    23.1052     0.9685     2.6007    -0.0127
    3.5987    23.1344     0.9140     2.6003    -0.0120
    3.6297    23.1620     0.8625     2.5999    -0.0113
    3.6607    23.1880     0.8139     2.5996    -0.0107
    3.6904    23.2115     0.7698     2.5993    -0.0101
    3.7201    23.2338     0.7281     2.5990    -0.0096
    3.7499    23.2548     0.6886     2.5987    -0.0091
    3.7796    23.2747     0.6512     2.5984    -0.0086
    3.8085    23.2931     0.6167     2.5982    -0.0081
    3.8375    23.3104     0.5839     2.5980    -0.0077
    3.8664    23.3269     0.5529     2.5977    -0.0073
    3.8954    23.3425     0.5235     2.5975    -0.0069
    3.9160    23.3531     0.5035     2.5974    -0.0066
    3.9367    23.3633     0.4843     2.5973    -0.0064
    3.9573    23.3731     0.4657     2.5971    -0.0061
    3.9780    23.3825     0.4479     2.5970    -0.0059
